3.29695
6.99173
11.0101
15.2723
19.6941
24.1887
28.6683
33.0454
37.3169
41.5336
45.7046
49.9228
54.1152
58.2096
62.1357
65.8266
69.2199
72.2584
74.8917
77.0765
78.7771
80.1626
81.4679
82.6675
83.7382
84.6588
85.4112
85.9801
86.3533
86.5221
86.5221
86.5221
86.5221
86.5221
86.5221
86.5221
86.5221
86.5221
86.5221
86.6848
87.1091
87.7789
88.6743
89.7718
91.0453
92.8716
95.245
98.123
101.456
105.187
109.255
113.594
118.133
122.8
127.522
132.223
136.829
141.367
145.863
150.247
154.476
158.717
162.91
166.993
170.909
174.602
178.02
181.115
183.845
186.171
188.062
189.527
190.932
192.256
193.479
194.582
195.549
196.364
197.015
197.492
197.786
197.894
197.894
197.894
197.894
197.894
197.894
197.894
197.894
197.894
197.912
198.173
198.666
199.38
200.301
201.41
202.689
204.117
205.886
208.147
210.869
214.016
217.546
221.415
225.572
229.967
234.545
239.249
244.023
248.807
253.546
258.182
262.789
267.356
271.827
276.149
280.396
284.627
288.796
292.857
296.765
300.479
303.959
307.167
310.07
312.638
314.844
316.666
318.127
319.535
320.875
322.132
323.291
324.341
325.269
326.065
326.72
327.228
327.583
327.78
327.818
327.818
327.818
327.818
327.818
327.818
327.818
327.818
327.818
327.818
327.818
327.979
328.343
328.903
329.65
330.574
331.662
332.901
334.276
335.772
337.659
339.959
342.648
345.699
349.084
352.771
356.727
360.915
365.301
369.845
374.51
379.256
384.044
388.836
393.592
398.276
402.86
407.435
411.962
416.404
420.725
424.95
429.188
433.409
437.584
441.684
445.681
449.546
453.254
456.779
460.099
463.19
466.033
468.609
471.065
473.515
476.044
478.705
481.533
484.539
487.726
491.075
494.573
498.203
501.945
505.764
509.623
513.483
517.309
521.067
524.77
528.485
532.19
535.864
539.491
543.054
546.545
549.952
553.288
556.623
559.95
563.263
566.557
569.829
573.074
576.291
579.477
582.629
585.747
588.828
591.873
594.882
597.853
600.787
603.685
606.548
609.376
612.171
614.934
617.666
620.369
623.044
625.693
628.317
630.918
633.497
636.056
638.596
641.118
643.624
646.114
648.591
651.054
653.505
655.945
658.375
660.795
663.206
665.609
668.004
670.393
672.775
675.15
677.52
679.885
682.246
684.601
686.953
689.301
691.644
693.985
696.322
698.657
700.988
703.317
705.643
707.966
710.287
712.606
714.922
717.236
719.547
721.857
724.163
726.468
728.77
731.069
733.366
735.661
737.953
740.242
742.528
744.812
747.092
749.37
751.644
753.915
756.183
758.448
760.709
762.966
765.22
767.47
769.717
771.959
774.198
776.432
778.662
780.889
783.11
785.328
787.541
789.75
791.954
794.154
796.349
798.54
800.726
802.907
805.084
807.255
809.422
811.585
813.742
815.895
818.042
820.185
822.324
824.457
826.586
828.709
830.828
832.943
835.052
837.157
839.257
841.352
843.443
845.529
847.61
849.687
851.759
853.827
855.89
857.949
860.004
862.054
864.099
866.141
868.178
870.21
872.238
874.262
876.282
878.298
880.309
882.315
884.318
886.316
888.31
890.3
892.285
894.267
896.244
898.217
900.185
902.15
904.11
906.066
908.018
909.966
911.91
913.849
915.785
917.716
919.643
921.566
923.485
925.4
927.311
929.217
931.12
933.018
934.913
936.803
938.689
940.571
942.448
944.322
946.191
948.056
949.917
951.774
953.626
955.474
957.318
959.158
960.993
962.823
964.65
966.472
968.289
970.102
971.911
973.715
975.514
977.309
979.099
980.885
982.666
984.441
986.213
987.979
989.74
991.497
993.248
994.994
996.736
998.472
1000.2
1001.93
1003.65
1005.36
1007.07
1008.78
1010.48
1012.17
1013.86
1015.54
1017.21
1018.88
1020.55
1022.21
1023.86
1025.5
1027.14
1028.78
1030.4
1032.03
1033.64
1035.25
1036.85
1038.44
1040.03
1041.61
1043.19
1044.75
1046.31
1047.87
1049.41
1050.95
1052.48
1054.01
1055.53
1057.04
1058.54
1060.03
1061.52
1063
1064.47
1065.93
1067.39
1068.84
1070.27
1071.71
1073.13
1074.54
1075.95
1077.35
1078.74
1080.12
1081.49
1082.86
1084.21
1085.56
1086.9
1088.23
1089.55
1090.86
1092.17
1093.46
1094.75
1096.03
1097.3
1098.56
1099.82
1101.06
1102.3
1103.53
1104.75
1105.97
1107.17
1108.37
1109.56
1110.74
1111.91
1113.08
1114.24
1115.39
1116.54
1117.67
1118.8
1119.93
1121.04
1122.15
1123.26
1124.35
1125.44
1126.52
1127.6
1128.68
1129.75
1130.83
1131.91
1132.99
1134.07
1135.15
1136.23
1137.31
1138.4
1139.49
1140.58
1141.67
1142.76
1143.85
1144.95
1146.05
1147.14
1148.25
1149.35
1150.45
1151.56
1152.67
1153.78
1154.89
1156.01
1157.13
1158.25
1159.37
1160.49
1161.62
1162.75
1163.88
1165.01
1166.15
1167.29
1168.43
1169.57
1170.72
1171.87
1173.02
1174.17
1175.33
1176.48
1177.64
1178.81
1179.97
1181.14
1182.31
1183.48
1184.66
1185.83
1187.01
1188.2
1189.38
1190.57
1191.76
1192.95
1194.15
1195.34
1196.54
1197.75
1198.95
1200.16
1201.37
1202.58
1203.79
1205.01
1206.23
1207.45
1208.67
1209.9
1211.13
1212.36
1213.59
1214.82
1216.06
1217.3
1218.54
1219.78
1221.03
1222.28
1223.53
1224.78
1226.04
1227.29
1228.55
1229.81
1231.07
1232.34
1233.61
1234.87
1236.14
1237.42
1238.69
1239.97
1241.25
1242.53
1243.81
1245.09
1246.38
1247.67
1248.96
1250.25
1251.54
1252.83
1254.13
1255.43
1256.73
1258.03
1259.33
1260.64
1261.94
1263.25
1264.56
1265.87
1267.18
1268.5
1269.81
1271.13
1272.44
1273.76
1275.08
1276.41
1277.73
1279.05
1280.38
1281.71
1283.04
1284.37
1285.7
1287.03
1288.36
1289.69
1291.03
1292.37
1293.7
1295.04
1296.38
1297.72
1299.06
1300.4
1301.75
1303.09
1304.44
1305.78
1307.13
1308.48
1309.82
1311.17
1312.52
1313.87
1315.22
1316.57
1317.92
1319.28
1320.63
1321.98
1323.34
1324.69
1326.05
1327.4
1328.76
1330.11
1331.47
1332.83
1334.18
1335.54
1336.9
1338.26
1339.61
1340.97
1342.33
1343.69
1345.05
1346.41
1347.77
1349.12
1350.48
1351.84
1353.2
1354.56
1355.92
1357.28
1358.63
1359.99
1361.35
1362.71
1364.07
1365.42
1366.78
1368.14
1369.49
1370.85
1372.21
1373.56
1374.92
1376.27
1377.62
1378.98
1380.33
1381.68
1383.04
1384.39
1385.74
1387.09
1388.44
1389.79
1391.14
1392.48
1393.83
1395.18
1396.52
1397.87
1399.21
1400.56
1401.9
1403.24
1404.58
1405.92
1407.26
1408.6
1409.94
1411.27
1412.61
1413.94
1415.28
1416.61
1417.94
1419.27
1420.6
1421.93
1423.26
1424.59
1425.91
1427.23
1428.56
1429.88
1431.19
1432.51
1433.82
1435.13
1436.43
1437.74
1439.04
1440.34
1441.65
1442.95
1444.24
1445.54
1446.84
1448.13
1449.43
1450.72
1452.01
1453.3
1454.59
1455.88
1457.16
1458.45
1459.73
1461.02
1462.3
1463.58
1464.86
1466.14
1467.42
1468.7
1469.97
1471.25
1472.52
1473.79
1475.06
1476.33
1477.6
1478.86
1480.13
1481.39
1482.65
1483.9
1485.16
1486.41
1487.67
1488.92
1490.16
1491.41
1492.65
1493.89
1495.13
1496.37
1497.6
1498.84
1500.07
1501.29
1502.52
1503.74
1504.96
1506.18
1507.4
1508.61
1509.82
1511.03
1512.24
1513.44
1514.64
1515.84
1517.04
1518.23
1519.42
1520.61
1521.8
1522.99
1524.17
1525.35
1526.53
1527.71
1528.88
1530.05
1531.22
1532.39
1533.55
1534.71
1535.87
1537.03
1538.19
1539.34
1540.49
1541.64
1542.79
1543.93
1545.07
1546.21
1547.35
1548.49
1549.62
1550.75
1551.88
1553
1554.13
1555.25
1556.38
1557.51
1558.64
1559.77
1560.91
1562.05
1563.19
1564.33
1565.47
1566.61
1567.76
1568.91
1570.07
1571.24
1572.42
1573.61
1574.81
1576.03
1577.25
1578.49
1579.73
1581
1582.28
1583.58
1584.9
1586.25
1587.63
1589.03
1590.45
1591.89
1593.35
1594.82
1596.31
1597.82
1599.34
1600.9
1602.54
1604.24
1606.01
1607.85
1609.76
1611.75
1613.8
1615.93
1618.13
1620.39
1622.73
1625.14
1627.61
1630.17
1632.8
1635.51
1638.3
1641.18
1644.15
1647.2
1650.34
1653.56
1656.86
1660.24
1663.7
1667.23
1670.85
1674.55
1678.33
1682.19
1686.14
1690.18
1694.3
1698.5
1702.77
1707.13
1711.55
1716.03
1720.58
1725.18
1729.84
1734.55
1739.31
1744.12
1748.98
1753.87
1758.8
1763.76
1768.75
1773.75
1778.76
1783.77
1788.78
1793.78
1798.76
1803.72
1808.66
1813.58
1818.49
1823.42
1828.37
1833.33
1838.31
1843.28
1848.24
1853.18
1858.09
1862.98
1867.83
1872.64
1877.41
1882.14
1886.83
1891.47
1896.05
1900.58
1905.05
1909.45
1913.76
1917.99
1922.2
1926.39
1930.55
1934.69
1938.8
1942.87
1946.89
1950.87
1954.81
1958.69
1962.51
1966.27
1969.97
1973.6
1977.16
1980.65
1984.05
1987.37
1990.54
1993.5
1996.21
1998.63
2000.76
2002.59
2004.21
2005.76
2007.23
2008.6
2009.86
2011.02
2012.06
2012.99
2013.78
2014.44
2014.95
2015.32
2015.55
2015.61
2015.61
2015.61
2015.61
2015.61
2015.61
2015.61
2015.61
2015.61
2015.61
2015.61
2015.61
2015.61
2015.61
2015.63
2015.81
2016.17
2016.72
2017.46
2018.41
2019.59
2021.17
2023.2
2025.64
2028.49
2031.71
2035.26
2039.11
2043.22
2047.53
2052
2056.61
2061.36
2066.26
2071.29
2076.44
2081.69
2087
2092.35
2097.72
2103.1
2108.5
2113.94
2119.39
2124.86
2130.32
2135.78
2141.23
2146.64
2152.01
2157.33
2162.58
2167.75
2172.82
2177.79
2182.68
2187.48
2192.2
2196.83
2201.36
2205.81
2210.17
2214.42
2218.56
2222.58
2226.47
2230.23
2233.83
2237.29
2240.68
2244.01
2247.26
2250.44
2253.54
2256.55
2259.48
2262.31
2265.05
2267.7
2270.24
2272.69
2275.03
2277.27
2279.41
2281.44
2283.36
2285.18
2286.9
2288.51
2290.03
2291.44
2292.75
2293.97
2295.09
2296.11
2297.04
2297.89
2298.64
2299.31
2299.9
2300.41
2300.83
2301.18
2301.46
2301.66
2301.79
2301.85
2301.85
2301.85
2301.85
2301.85
2301.85
2301.85
2301.85
2301.85
2301.85
2301.85
2301.85
2301.85
2301.85
2301.85
2301.85
2301.87
2301.91
2301.96
2302.02
2302.1
2302.2
2302.3
2302.41
2302.53
2302.66
2302.78
2302.92
2303.05
2303.18
2303.31
2303.44
2303.56
2303.68
2303.79
2303.89
2303.99
2304.07
2304.15
2304.21
2304.26
2304.3
2304.33
2304.34
2304.34
2304.34
2304.34
2304.39
2304.48
2304.61
2304.78
2304.99
2305.25
2305.55
2305.89
2306.27
2306.69
2307.15
2307.65
2308.19
2308.76
2309.37
2310.01
2310.69
2311.39
2312.13
2312.9
2313.7
2314.52
2315.38
2316.28
2317.22
2318.2
2319.23
2320.32
2321.47
2322.68
2323.95
2325.28
2326.68
2328.13
2329.65
2331.22
2332.86
2334.57
2336.35
2338.2
2340.13
2342.15
2344.24
2346.42
2348.68
2351.02
2353.43
2355.91
2358.48
2361.17
2363.99
2366.95
2370.03
2373.24
2376.57
2380
2383.54
2387.18
2390.91
2394.74
2398.67
2402.7
2406.84
2411.07
2415.41
2419.84
2424.35
2428.95
2433.62
2438.36
2443.17
2448.03
2452.95
2457.93
2462.97
2468.06
2473.2
2478.39
2483.62
2488.88
2494.16
2499.47
2504.81
2510.21
2515.65
2521.12
2526.63
2532.16
2537.71
2543.27
2548.85
2554.43
2560.03
2565.62
2571.19
2576.71
2582.16
2587.52
2592.76
2597.87
2602.79
2607.52
2612.05
2616.36
2620.44
2624.32
2628.12
2631.9
2635.64
2639.33
2642.95
2646.49
2649.94
2653.29
2656.52
2659.61
2662.57
2665.37
2668.03
2670.52
2672.85
2675.02
2677.01
2678.83
2680.47
2681.94
2683.24
2684.39
2685.51
2686.56
2687.49
2688.28
2688.91
2689.39
2689.92
2690.54
2691.24
2692.05
2692.97
2694.01
2695.17
2696.45
2697.83
2699.32
2700.9
2702.58
2704.36
2706.22
2708.17
2710.2
2712.31
2714.5
2716.77
2719.1
2721.48
2723.92
2726.4
2729.02
2731.79
2734.7
2737.73
2740.89
2744.14
2747.5
2750.93
2754.45
2758.03
2761.67
2765.35
2769.07
2772.78
2776.48
2780.14
2783.82
2787.53
2791.34
2795.24
2799.26
2803.38
2807.56
2811.97
2816.71
2821.71
2826.89
2832.2
2837.58
2842.96
2848.27
2853.47
2858.49
2863.28
2867.82
2872.09
2876.19
2880.23
2884.25
2888.26
2892.24
2896.17
2900.03
2903.77
2907.36
2910.78
2914.02
2917.28
2920.53
2923.72
2926.81
2929.76
2932.57
2935.22
2937.72
2940.06
2942.25
2944.29
2946.19
2947.95
2949.57
2951
2952.21
2953.16
2953.86
2954.34
2954.57
2954.57
2954.57
2954.57
2954.57
2954.57
2954.57
2954.57
2954.57
2954.57
2954.57
2954.57
2954.57
2954.57
2954.57
2954.57
2954.57
2954.57
2954.57
2954.57
2954.57
2954.57
2954.57
2954.57
2954.57
2954.57
2954.6
2954.71
2954.92
2955.23
2955.65
2956.16
2956.79
2957.51
2958.33
2959.24
2960.23
2961.31
2962.69
2964.36
2966.33
2968.57
2971.07
2973.84
2976.84
2980.05
2983.44
2987.01
2990.74
2994.62
2998.62
3002.72
3006.91
3011.14
3015.39
3019.78
3024.35
3029.04
3033.82
3038.62
3043.39
3048.16
3052.9
3057.56
3062.09
3066.44
3070.57
3074.47
3078.1
3081.46
3084.53
3087.3
3089.74
3091.85
3093.6
3094.97
3096.11
3097.03
3097.74
3098.25
3098.58
3098.71
3098.71
3098.71
3098.71
3098.71
3098.71
3098.71
3098.71
3098.71
3098.71
3098.71
3098.71
3098.71
3098.71
3098.71
3098.71
3098.75
3098.9
3099.15
3099.5
3099.93
3100.44
3101.04
3101.74
3102.56
3103.5
3104.57
3105.76
3107.08
3108.49
3109.98
3111.53
3113.12
3114.86
3116.93
3119.31
3121.96
3124.84
3127.92
3131.14
3134.47
3137.87
3141.47
3145.45
3149.77
3154.41
3159.33
3164.47
3169.81
3175.29
3180.89
3186.55
3192.25
3197.96
3203.62
3209.22
3214.7
3220.02
3225.15
3230.11
3234.95
3239.62
3244.1
3248.38
3252.41
3256.18
3259.67
3263.02
3266.27
3269.42
3272.45
3275.34
3278.07
3280.63
3283.01
3285.19
3287.17
3288.94
3290.5
3291.85
3292.96
3293.84
3294.49
3294.9
3295.09
3295.09
3295.09
3295.09
3295.09
3295.09
3295.09
3295.09
3295.09
3295.09
3295.09
3295.09
3295.09
3295.09
3295.09
3295.19
3295.6
3296.32
3297.35
3298.67
3300.28
3302.14
3304.25
3306.57
3309.07
3311.72
3314.51
3317.39
3320.36
3323.4
3326.49
3329.6
3332.72
3335.81
3338.86
3341.85
3344.76
3347.61
3350.42
3353.2
3356.01
3358.85
3361.74
3364.67
3367.63
3370.59
3373.53
3376.43
3379.28
3382.07
3384.82
3387.56
3390.32
3393.12
3395.98
3398.89
3401.85
3404.83
3407.8
3410.76
3413.66
3416.52
3419.34
3422.13
3424.93
3427.76
3430.66
3433.62
3436.64
3439.71
3442.79
3445.86
3448.89
3451.86
3454.78
3457.65
3460.49
3463.33
3466.21
3469.13
3472.11
3475.13
3478.14
3481.15
3484.1
3486.97
3489.74
3492.37
3494.86
3497.19
3499.35
3501.34
3503.16
3504.78
3506.2
3507.42
3508.44
3509.36
3510.36
3511.42
3512.53
3513.69
3514.88
3516.08
3517.28
3518.46
3519.6
3520.69
3521.71
3522.65
3523.5
3524.26
3524.92
3525.48
3525.92
3526.25
3526.47
3526.74
3527.11
3527.68
3528.42
3529.3
3530.29
3531.36
3532.48
3533.65
3534.87
3536.18
3537.6
3539.14
3540.8
3542.58
3544.48
3546.47
3548.54
3550.68
3552.88
3555.11
3557.32
3559.66
3562.12
3564.63
3567.1
3569.5
3571.75
3573.98
3576.22
3578.39
3580.41
3582.21
3583.78
3585.08
3586.09
3586.78
3587.33
3587.74
3587.99
3588.06
3588.06
3588.06
3588.06
3588.06
3588.06
3588.06
3588.06
3588.06
3588.06
3588.06
3588.06
3588.06
3588.06
3588.06
3588.06
3588.06
3588.06
3588.11
3588.32
3588.68
3589.17
3589.8
3590.55
3591.43
3592.4
3593.48
3594.64
3595.87
3597.16
3598.51
3599.94
3601.7
3603.77
3606.15
3608.84
3611.8
3615.01
3618.45
3622.07
3625.86
3629.78
3633.8
3637.89
3642.03
3646.18
3650.32
3654.44
3658.49
3662.47
3666.33
3670.16
3674.09
3678.03
3681.93
3685.7
3689.3
3692.67
3695.88
3698.91
3701.73
3704.33
3706.69
3708.78
3710.6
3712.15
3713.42
3714.4
3715.11
3715.55
3715.72
3715.72
3715.72
3715.72
3715.72
3715.72
3715.72
3715.72
3715.72
3715.72
3715.72
3715.72
3715.72
3715.72
3715.72
3715.72
3715.72
3715.72
3715.72
3715.72
3715.72
3715.72
3715.72
3715.85
3716.1
3716.47
3716.96
3717.52
3718.16
3718.86
3719.59
3720.36
3721.15
3722.09
3723.19
3724.4
3725.67
3726.96
3728.24
3729.51
3730.76
3731.89
3732.88
3733.86
3734.84
3735.83
3736.86
3737.92
3739.03
3740.21
3741.44
3742.73
3744.07
3745.45
3746.87
3748.3
3749.74
3751.18
3752.61
3754.02
3755.46
3757.21
3759.23
3761.54
3764.11
3766.92
3769.97
3773.21
3776.62
3780.17
3783.83
3787.57
3791.36
3795.17
3798.98
3802.76
3806.47
3810.21
3813.94
3817.64
3821.27
3824.8
3828.27
3831.67
3834.98
3838.2
3841.3
3844.24
3846.99
3849.54
3851.85
3853.91
3855.68
3857.15
3858.3
3859.19
3860.04
3860.81
3861.49
3862.05
3862.46
3862.7
3862.75
3862.75
3862.75
3862.75
3862.75
3862.75
3862.75
3862.75
3862.75
3862.75
3862.75
3862.75
3862.75
3862.75
3862.75
3862.75
3862.75
3862.77
3862.95
3863.48
3864.36
3865.6
3867.18
3869.1
3871.32
3873.83
3876.6
3879.6
3882.79
3886.16
3889.66
3893.28
3896.98
3900.75
3904.56
3908.39
3912.23
3916.06
3919.87
3923.65
3927.39
3931.11
3934.81
3938.5
3942.2
3945.92
3949.65
3953.4
3957.16
3960.92
3964.68
3968.41
3972.11
3975.79
3979.45
3983.1
3986.74
3990.39
3994.04
3997.71
4001.4
4005.08
4008.77
4012.43
4016.08
4019.71
4023.31
4026.89
4030.46
4034.04
4037.62
4041.21
4044.81
4048.42
4052.02
4055.62
4059.2
4062.75
4066.29
4069.8
4073.3
4076.79
4080.29
4083.79
4087.31
4090.84
4094.36
4097.88
4101.38
4104.86
4108.32
4111.75
4115.17
4118.58
4121.99
4125.41
4128.84
4132.27
4135.71
4139.15
4142.57
4145.96
4149.34
4152.69
4156.02
4159.34
4162.66
4165.98
4169.32
4172.66
4176.01
4179.36
4182.69
4186
4189.28
4192.54
4195.78
4199.01
4202.23
4205.46
4208.69
4211.94
4215.19
4218.45
4221.68
4224.92
4228.15
4231.36
4234.53
4237.67
4240.79
4243.91
4247.05
4250.19
4253.35
4256.5
4259.68
4262.86
4266.04
4269.2
4272.33
4275.42
4278.48
4281.52
4284.56
4287.6
4290.66
4293.75
4296.87
4299.99
4303.11
4306.22
4309.3
4312.34
4315.36
4318.34
4321.31
4324.29
4327.29
4330.31
4333.35
4336.41
4339.47
4342.52
4345.54
4348.53
4351.49
4354.41
4357.32
4360.23
4363.16
4366.1
4369.07
4372.06
4375.05
4378.03
4380.99
4383.92
4386.82
4389.68
4392.53
4395.37
4398.21
4401.08
4403.97
4406.88
4409.79
4412.71
4415.6
4418.47
4421.3
4424.1
4426.87
4429.63
4432.4
4435.18
4437.99
4440.81
4443.65
4446.49
4449.31
4452.11
4454.87
4457.6
4460.3
4462.98
4465.66
4468.36
4471.08
4473.82
4476.57
4479.32
4482.07
4484.79
4487.48
4490.13
4492.75
4495.36
4497.96
4500.56
4503.19
4505.83
4508.5
4511.16
4513.82
4516.46
4519.07
4521.65
4524.19
4526.71
4529.22
4531.74
4534.27
4536.82
4539.38
4541.96
4544.53
4547.09
4549.62
4552.11
4554.58
4557.01
4559.44
4561.86
4564.29
4566.74
4569.21
4571.69
4574.17
4576.64
4579.09
4581.51
4583.9
4586.26
4588.59
4590.93
4593.27
4595.62
4597.99
4600.38
4602.77
4605.15
4607.52
4609.86
4612.18
4614.47
4616.73
4618.98
4621.23
4623.5
4625.78
4628.07
4630.37
4632.67
4634.95
4637.23
4639.47
4641.69
4643.89
4646.07
4648.25
4650.43
4652.62
4654.82
4657.03
4659.25
4661.46
4663.66
4665.84
4668
4670.13
4672.25
4674.36
4676.46
4678.58
4680.7
4682.83
4684.96
4687.1
4689.23
4691.34
4693.44
4695.52
4697.57
4699.62
4701.66
4703.7
4705.75
4707.8
4709.86
4711.92
4713.98
4716.03
4718.06
4720.08
4722.09
4724.08
4726.06
4728.03
4730.01
4731.99
4733.98
4735.97
4737.95
4739.94
4741.91
4743.87
4745.82
4747.76
4749.68
4751.6
4753.51
4755.43
4757.34
4759.26
4761.18
4763.1
4765.01
4766.91
4768.8
4770.69
4772.56
4774.42
4776.28
4778.14
4779.99
4781.84
4783.7
4785.55
4787.39
4789.24
4791.07
4792.9
4794.72
4796.53
4798.34
4800.13
4801.93
4803.72
4805.51
4807.3
4809.09
4810.87
4812.64
4814.41
4816.18
4817.94
4819.69
4821.45
4823.19
4824.94
4826.68
4828.42
4830.15
4831.88
4833.61
4835.34
4837.06
4838.78
4840.5
4842.22
4843.93
4845.64
4847.36
4849.07
4850.77
4852.48
4854.19
4855.89
4857.6
4859.3
4861.01
4862.71
4864.41
4866.11
4867.81
4869.52
4871.22
4872.92
4874.62
4876.32
4878.03
4879.73
4881.43
4883.13
4884.84
4886.54
4888.24
4889.95
4891.65
4893.36
4895.06
4896.77
4898.48
4900.19
4901.89
4903.6
4905.31
4907.02
4908.73
4910.44
4912.16
4913.87
4915.58
4917.3
4919.01
4920.73
4922.44
4924.16
4925.88
4927.59
4929.31
4931.03
4932.75
4934.47
4936.2
4937.92
4939.64
4941.37
4943.09
4944.82
4946.54
4948.27
4950
4951.72
4953.45
4955.18
4956.91
4958.65
4960.38
4962.11
4963.84
4965.58
4967.31
4969.05
4970.78
4972.52
4974.26
4976
4977.74
4979.48
4981.22
4982.96
4984.7
4986.44
4988.19
4989.93
4991.68
4993.42
4995.17
4996.92
4998.66
5000.41
5002.16
5003.91
5005.66
5007.42
5009.17
5010.92
5012.67
5014.43
5016.18
5017.94
5019.7
5021.46
5023.21
5024.97
5026.73
5028.49
5030.26
5032.02
5033.78
5035.54
5037.31
5039.07
5040.84
5042.61
5044.37
5046.14
5047.91
5049.68
5051.45
5053.22
5055
5056.77
5058.54
5060.32
5062.09
5063.87
5065.64
5067.42
5069.2
5070.98
5072.76
5074.54
5076.32
5078.1
5079.89
5081.67
5083.46
5085.24
5087.03
5088.81
5090.6
5092.39
5094.18
5095.97
5097.76
5099.55
5101.34
5103.14
5104.94
5106.74
5108.54
5110.35
5112.17
5113.99
5115.82
5117.66
5119.5
5121.36
5123.22
5125.1
5126.99
5128.9
5130.83
5132.77
5134.74
5136.73
5138.74
5140.77
5142.83
5144.92
5147.04
5149.18
5151.35
5153.56
5155.8
5158.08
5160.39
5162.74
5165.13
5167.55
5170.01
5172.51
5175.05
5177.63
5180.25
5182.91
5185.61
5188.35
5191.13
5193.95
5196.82
5199.72
5202.66
5205.64
5208.68
5211.8
5214.98
5218.23
5221.55
5224.93
5228.38
5231.89
5235.47
5239.1
5242.79
5246.53
5250.33
5254.17
5258.05
5261.97
5265.92
5269.88
5273.84
5277.77
5281.64
5285.45
5289.15
5292.73
5296.16
5299.43
5302.5
5305.36
5308
5310.41
5312.56
5314.45
5316.35
5318.23
5320.14
5322.16
5324.26
5326.39
5328.52
5330.61
5332.64
5334.56
5336.38
5338.06
5339.6
5340.98
5342.2
5343.23
5344.08
5344.73
5345.16
5345.46
5345.67
5345.77
5345.77
5345.77
5345.77
5345.77
5345.77
5345.77
5345.77
5345.77
5345.77
5345.77
5345.77
5345.77
5345.77
5345.77
5345.77
5345.77
5345.77
5345.81
5346.1
5346.61
5347.3
5348.12
5349.02
5349.98
5350.97
5351.99
5353.1
5354.32
5355.63
5356.93
5358.13
5359.18
5360.05
5360.76
5361.3
5361.68
5361.91
5361.96
5361.96
5361.96
5361.96
5361.96
5361.96
5361.96
5361.96
5361.96
5361.96
5361.96
5361.96
5362.06
5362.28
5362.63
5363.09
5363.67
5364.36
5365.15
5366.01
5366.95
5367.95
5368.99
5370.06
5371.15
5372.3
5373.73
5375.45
5377.43
5379.67
5382.15
5384.85
5387.74
5390.82
5394.08
5397.53
5401.12
5404.81
5408.57
5412.33
5416.04
5419.65
5423.26
5426.84
5430.37
5433.81
5437.16
5440.4
5443.52
5446.51
5449.33
5452.14
5454.87
5457.43
5459.74
5461.71
5463.28
5464.47
5465.36
5465.93
5466.19
5466.19
5466.19
5466.19
5466.19
5466.19
5466.19
5466.19
5466.19
5466.19
5466.19
5466.19
5466.19
5466.19
5466.19
5466.19
5466.19
5466.19
5466.19
5466.19
5466.19
5466.19
5466.22
5466.41
5466.76
5467.27
5467.94
5468.75
5469.68
5470.74
5471.91
5473.18
5474.52
5475.92
5477.37
5478.87
5480.42
5482.03
5483.71
5485.44
5487.38
5489.48
5491.71
5494.03
5496.41
5498.82
5501.41
5504.16
5507.03
5509.99
5513.03
5516.11
5519.22
5522.38
5525.57
5528.82
5532.14
5535.54
5539.02
5542.57
5546.06
5549.53
5552.99
5556.42
5559.81
5563.16
5566.47
5569.8
5573.15
5576.57
5580.03
5583.54
5587.07
5590.59
5594.09
5597.52
5600.88
5604.14
5607.28
5610.3
5613.19
5615.93
5618.58
5621.2
5623.77
5626.3
5628.75
5631.13
5633.41
5635.58
5637.63
5639.54
5641.31
5642.93
5644.39
5645.67
5646.78
5647.71
5648.45
5649.01
5649.41
5649.65
5649.89
5650.23
5650.64
5651.05
5651.43
5651.76
5652.08
5652.39
5652.74
5653.16
5653.68
5654.3
5654.98
5655.69
5656.4
5657.06
5657.65
5658.15
5658.52
5658.74
5658.85
5659.02
5659.33
5659.79
5660.39
5661.12
5661.99
5662.97
5664.07
5665.27
5666.57
5667.97
5669.46
5671.04
5672.7
5674.44
5676.23
5678.07
5679.94
5681.94
5684.06
5686.41
5689.05
5691.94
5695.08
5698.47
5702.14
5706.11
5710.38
5714.94
5719.76
5724.81
5730.06
5735.48
5741.02
5746.64
5752.3
5757.96
5763.59
5769.16
5774.64
5780.02
5785.39
5790.74
5796.04
5801.3
5806.5
5811.63
5816.71
5821.73
5826.69
5831.6
5836.47
5841.3
5846.1
5850.88
5855.65
5860.41
5865.17
5869.92
5874.64
5879.34
5883.99
5888.59
5893.13
5897.61
5902.05
5906.43
5910.77
5915.07
5919.33
5923.56
5927.75
5931.9
5936.01
5940.07
5944.08
5948.04
5951.96
5955.83
5959.67
5963.46
5967.22
5970.95
5974.65
5978.32
5981.96
5985.56
5989.13
5992.65
5996.14
5999.59
6003
6006.39
6009.74
6013.06
6016.35
6019.62
6022.84
6026.04
6029.19
6032.3
6035.37
6038.4
6041.39
6044.35
6047.27
6050.16
6053.02
6055.85
6058.65
6061.41
6064.13
6066.81
6069.45
6072.08
6074.71
6077.34
6079.97
6082.61
6085.25
6087.95
6090.71
6093.53
6096.35
6099.11
6101.74
6104.18
6106.37
6108.31
6109.95
6111.31
6112.39
6113.22
6113.85
6114.34
6114.78
6115.23
6115.74
6116.37
6117.11
6117.94
6118.84
6119.76
6120.6
6121.3
6121.88
6122.3
6122.6
6122.97
6123.4
6123.89
6124.43
6125.01
6125.63
6126.29
6127.25
6128.56
6130.18
6132.07
6134.14
6136.32
6138.56
6140.86
6143.22
6145.65
6148.15
6150.73
6153.38
6156.11
6158.91
6161.78
6164.69
6167.63
6170.77
6174.16
6177.78
6181.62
6185.67
6189.91
6194.33
6198.93
6203.69
6208.61
6213.67
6218.87
6224.19
6229.62
6235.13
6240.71
6246.34
6251.97
6257.61
6263.21
6268.77
6274.24
6279.6
6284.78
6289.73
6294.43
6298.87
6303.07
6307.08
6310.95
6314.75
6318.52
6322.25
6325.92
6329.5
6333
6336.46
6339.91
6343.38
6346.9
6350.45
6354.02
6357.59
6361.15
6364.69
6368.18
6371.62
6375.01
6378.34
6381.62
6384.85
6388.03
6391.17
6394.25
6397.28
6400.23
6403.11
6405.91
6408.6
6411.2
6413.69
6416.06
6418.31
6420.42
6422.36
6424.12
6425.81
6427.43
6428.9
6430.15
6431.24
6432.24
6433.15
6433.83
6434.19
6434.22
6434.22
6434.22
6434.22
6434.22
6434.22
6434.22
6434.22
6434.22
6434.22
6434.22
6434.22
6434.22
6434.22
6434.22
6434.22
6434.22
6434.22
6434.22
6434.27
6434.42
6434.75
6435.33
6436.2
6437.34
6438.78
6440.52
6442.55
6444.88
6447.5
6450.38
6453.49
6456.79
6460.3
6463.98
6467.83
6471.82
6475.91
6480.08
6484.28
6488.51
6492.73
6496.92
6501.13
6505.35
6509.52
6513.58
6517.48
6521.15
6524.57
6527.72
6530.61
6533.28
6535.72
6537.92
6539.87
6541.77
6543.66
6545.53
6547.38
6549.2
6550.98
6552.73
6554.45
6556.12
6557.76
6559.37
6560.95
6562.5
6564.02
6565.52
6566.99
6568.44
6569.88
6571.29
6572.68
6574.05
6575.4
6576.73
6578.04
6579.34
6580.62
6581.88
6583.13
6584.36
6585.58
6586.77
6587.95
6589.11
6590.25
6591.37
6592.48
6593.56
6594.62
6595.66
6596.68
6597.67
6598.65
6599.59
6600.52
6601.42
6602.29
6603.14
6603.96
6604.75
6605.52
6606.25
6606.95
6607.62
6608.26
6608.87
6609.44
6609.98
6610.48
6610.95
6611.38
6611.78
6612.14
6612.46
6612.72
6612.91
6613.02
6613.02
6613.02
6613.02
6613.02
6613.02
6613.02
6613.02
6613.02
6613.02
6613.02
6613.02
6613.02
6613.09
6613.31
6613.72
6614.36
6615.25
6616.4
6617.84
6619.54
6621.52
6623.76
6626.22
6628.84
6631.6
6634.46
6637.39
6640.59
6643.99
6647.52
6651.14
6654.78
6658.39
6661.98
6665.64
6669.37
6673.15
6676.95
6680.86
6685.03
6689.46
6694.1
6698.92
6703.88
6708.95
6714.09
6719.29
6724.52
6729.74
6734.92
6740.03
6745.06
6749.95
6754.68
6759.2
6763.47
6767.48
6771.28
6775
6778.61
6782.1
6785.47
6788.73
6791.91
6795.02
6798.1
6801.18
6804.26
6807.35
6810.45
6813.55
6816.64
6819.73
6822.8
6825.85
6828.87
6831.86
6834.82
6837.73
6840.6
6843.4
6846.14
6848.82
6851.47
6854.16
6856.91
6859.72
6862.6
6865.54
6868.55
6871.64
6874.82
6878.09
6881.43
6884.81
6888.2
6891.54
6894.77
6898.07
6901.35
6904.57
6907.73
6910.85
6913.98
6917.17
6920.5
6924
6927.72
6931.68
6935.88
6940.35
6945.05
6949.97
6955.04
6960.19
6965.34
6970.44
6975.43
6980.3
6985.08
6989.82
6994.57
6999.39
7004.32
7009.37
7014.53
7019.78
7025.09
7030.45
7035.86
7041.38
7046.97
7052.54
7058.1
7063.65
7069.21
7074.78
7080.34
7085.88
7091.37
7096.79
7102.11
7107.36
7112.55
7117.71
7122.88
7128.09
7133.36
7138.68
7144.06
7149.48
7154.95
7160.43
7165.92
7171.4
7176.88
7182.37
7187.87
7193.4
7198.97
7204.56
7210.18
7215.8
7221.43
7227.03
7232.61
7238.16
7243.69
7249.2
7254.7
7260.21
7265.72
7271.24
7276.74
7282.21
7287.65
7293.04
7298.39
7303.67
7308.91
7314.12
7319.3
7324.45
7329.59
7334.7
7339.77
7344.8
7349.78
7354.71
7359.58
7364.41
7369.19
7373.93
7378.64
7383.32
7387.97
7392.59
7397.18
7401.74
7406.27
7410.76
7415.22
7419.65
7424.06
7428.45
7432.81
7437.16
7441.49
7445.81
7450.11
7454.39
7458.67
7462.93
7467.17
7471.41
7475.64
7479.87
7484.09
7488.31
7492.53
7496.76
7500.98
7505.2
7509.43
7513.67
7517.91
7522.17
7526.44
7530.72
7535.01
7539.33
7543.67
7548.03
7552.42
7556.83
7561.27
7565.74
7570.24
7574.77
7579.33
7583.92
7588.54
7593.2
7597.9
7602.64
7607.41
7612.23
7617.09
7621.98
7626.92
7631.89
7636.91
7641.96
7647.05
7652.17
7657.34
7662.54
7667.78
7673.06
7678.37
7683.71
7689.09
7694.49
7699.92
7705.37
7710.84
7716.33
7721.84
7727.36
7732.89
7738.42
7743.96
7749.5
7755.04
7760.58
7766.1
7771.62
7777.11
7782.59
7788.04
7793.46
7798.84
7804.19
7809.49
7814.76
7819.98
7825.15
7830.28
7835.35
7840.36
7845.32
7850.21
7855.04
7859.79
7864.47
7869.06
7873.58
7878.01
7882.36
7886.62
7890.86
7895.09
7899.32
7903.54
7907.75
7911.94
7916.12
7920.28
7924.38
7928.43
7932.4
7936.26
7940
7943.58
7947
7950.23
7953.24
7956
7958.51
7960.73
7962.64
7964.24
7965.5
7966.72
7967.9
7969.01
7970.08
7971.08
7972.02
7972.91
7973.75
7974.55
7975.32
7976.06
7976.77
7977.46
7978.12
7978.75
7979.34
7979.87
7980.32
7980.82
7981.49
7982.35
7983.4
7984.67
7986.18
7987.94
7989.98
7992.29
7994.88
7997.73
8000.8
8004.07
8007.48
8011.01
8014.61
8018.25
8021.9
8025.56
8029.27
8033.02
8036.78
8040.56
8044.35
8048.16
8052.04
8056.11
8060.36
8064.79
8069.39
8074.16
8079.07
8084.12
8089.28
8094.52
8099.83
8105.15
8110.47
8115.77
8121.02
8126.23
8131.38
8136.42
8141.3
8146
8150.48
8154.69
8158.75
8162.75
8166.66
8170.45
8174.08
8177.53
8180.77
8183.76
8186.49
8188.94
8191.08
8192.92
8194.43
8195.75
8197.01
8198.19
8199.28
8200.27
8201.14
8201.89
8202.52
8203.01
8203.35
8203.55
8203.59
8203.59
8203.59
8203.59
8203.59
8203.59
8203.59
8203.59
8203.59
8203.59
8203.59
8203.59
8203.59
8203.59
8203.59
8203.59
8203.59
8203.59
8203.59
8203.66
8203.86
8204.27
8205.05
8206.15
8207.54
8209.17
8211.02
8213.06
8215.37
8217.93
8220.76
8223.86
8227.22
8230.79
8234.54
8238.42
8242.38
8246.35
8250.29
8254.13
8257.92
8261.72
8265.59
8269.54
8273.51
8277.47
8281.38
8285.23
8288.96
8292.57
8296.02
8299.31
8302.4
8305.28
8307.93
8310.32
8312.43
8314.25
8315.78
8317
8318.19
8319.38
8320.54
8321.67
8322.77
8323.84
8324.89
8325.91
8326.9
8327.84
8328.71
8329.49
8330.17
8330.73
8331.15
8331.42
8331.55
8331.55
8331.55
8331.62
8331.93
8332.46
8333.18
8334.06
8335.03
8336.07
8337.12
8338.15
8339.15
8340.11
8341.09
8342.08
8343.11
8344.19
8345.31
8346.44
8347.58
8348.97
8350.56
8352.3
8354.11
8355.96
8357.81
8359.64
8361.65
8363.85
8366.2
8368.69
8371.28
8373.95
8376.68
8379.42
8382.18
8384.92
8387.64
8390.32
8392.92
8395.43
8397.84
8400.19
8402.65
8405.26
8408.07
8411.09
8414.3
8417.7
8421.24
8424.9
8428.64
8432.41
8436.16
8439.83
8443.39
8446.8
8450.05
8453.19
8456.23
8459.36
8462.71
8466.29
8470.08
8474.07
8478.23
8482.52
8486.92
8491.4
8495.95
8500.55
8505.2
8509.9
8514.66
8519.48
8524.37
8529.34
8534.36
8539.43
8544.52
8549.59
8554.63
8559.62
8564.55
8569.46
8574.36
8579.28
8584.25
8589.27
8594.34
8599.44
8604.56
8609.67
8614.76
8619.81
8624.81
8629.77
8634.71
8639.65
8644.6
8649.59
8654.61
8659.65
8664.71
8669.77
8674.8
8679.78
8684.71
8689.58
8694.4
8699.19
8703.98
8708.77
8713.59
8718.43
8723.28
8728.14
8732.98
8737.78
8742.53
8747.22
8751.85
8756.43
8760.98
8765.53
8770.09
8774.66
8779.25
8783.85
8788.44
8793.02
8797.55
8802.02
8806.42
8810.76
8815.06
8819.32
8823.58
8827.85
8832.12
8836.41
8840.7
8844.98
8849.23
8853.46
8857.68
8861.9
8866.11
8870.33
8874.55
8878.78
8883.01
8887.24
8891.47
8895.71
8899.94
8904.16
8908.36
8912.56
8916.75
8920.93
8925.1
8929.28
8933.45
8937.63
8941.81
8945.99
8950.16
8954.33
8958.48
8962.62
8966.72
8970.76
8974.75
8978.65
8982.46
8986.15
8989.73
8993.16
8996.43
8999.54
9002.45
9005.16
9007.64
9009.88
9011.85
9013.54
9014.94
9016.31
9017.66
9018.98
9020.25
9021.47
9022.62
9023.71
9024.71
9025.63
9026.46
9027.18
9027.8
9028.3
9028.67
9028.91
9028.99
9028.99
9028.99
9028.99
9028.99
9028.99
9028.99
9028.99
9028.99
9029.05
9029.36
9029.89
9030.62
9031.52
9032.56
9033.7
9034.94
9036.24
9037.6
9039.01
9040.47
9042
9043.91
9046.19
9048.86
9051.91
9055.33
9059.12
9063.23
9067.63
9072.29
9077.17
9082.22
9087.4
9092.68
9098
9103.35
9108.74
9114.25
9119.85
9125.5
9131.18
9136.84
9142.45
9147.97
9153.36
9158.6
9163.68
9168.6
9173.32
9177.83
9182.08
9186.06
9189.76
9193.18
9196.37
9199.32
9202.01
9204.42
9206.54
9208.44
9210.34
9212.22
9214.08
9215.92
9217.74
9219.54
9221.32
9223.08
9224.82
9226.55
9228.35
9230.22
9232.15
9234.13
9236.12
9238.09
9240.03
9241.93
9243.8
9245.66
9247.54
9249.45
9251.42
9253.44
9255.51
9257.63
9259.77
9261.92
9264.06
9266.17
9268.27
9270.36
9272.45
9274.57
9276.73
9278.93
9281.18
9283.47
9285.79
9288.12
9290.45
9292.78
9295.08
9297.37
9299.66
9301.94
9304.25
9306.58
9308.94
9311.32
9313.72
9316.13
9318.53
9320.92
9323.28
9325.62
9327.93
9330.23
9332.52
9334.82
9337.12
9339.42
9341.73
9344.03
9346.3
9348.55
9350.74
9352.89
9355
9357.06
9359.08
9361.07
9363.04
9365
9366.93
9368.83
9370.69
9372.5
9374.28
9376.06
9377.84
9379.61
9381.37
9383.12
9384.86
9386.58
9388.29
9389.99
9391.68
9393.37
9395.06
9396.74
9398.41
9400.07
9401.7
9403.32
9404.91
9406.47
9408.01
9409.52
9411.02
9412.5
9413.97
9415.41
9416.82
9418.18
9419.46
9420.65
9421.72
9422.68
9423.49
9424.16
9424.68
9425.05
9425.29
9425.4
9425.4
9425.4
9425.6
9426.04
9426.74
9427.71
9428.99
9430.56
9432.41
9434.49
9436.75
9439.15
9441.66
9444.26
9446.94
9449.73
9452.63
9455.66
9458.83
9462.14
9465.57
9469.12
9472.76
9476.47
9480.23
9484.02
9488.07
9492.41
9496.99
9501.75
9506.65
9511.65
9516.7
9521.77
9526.82
9531.88
9536.98
9542.1
9547.27
9552.49
9557.79
9563.16
9568.57
9573.99
9579.41
9584.79
9590.1
9595.31
9600.4
9605.37
9610.22
9614.96
9619.61
9624.18
9628.69
9633.15
9637.56
9641.89
9646.13
9650.25
9654.25
9658.19
9662.1
9665.98
9669.82
9673.62
9677.38
9681.11
9684.82
9688.52
9692.22
9695.92
9699.62
9703.32
9707
9710.65
9714.23
9717.73
9721.11
9724.35
9727.43
9730.31
9732.98
9735.41
9737.59
9739.62
9741.51
9743.26
9744.85
9746.29
9747.57
9748.7
9749.68
9750.54
9751.27
9751.9
9752.44
9752.88
9753.22
9753.43
9753.5
9753.5
9753.5
9753.5
9753.5
9753.51
9753.81
9754.39
9755.25
9756.38
9757.79
9759.47
9761.4
9763.6
9766.06
9768.75
9771.66
9774.75
9777.99
9781.35
9784.8
9788.33
9791.92
9795.64
9799.67
9803.98
9808.56
9813.33
9818.25
9823.24
9828.33
9833.54
9838.81
9844.08
9849.32
9854.52
9859.67
9864.8
9869.98
9875.24
9880.61
9886.1
9891.66
9897.26
9902.89
9908.55
9914.24
9919.94
9925.65
9931.32
9936.95
9942.48
9947.9
9953.16
9958.23
9963.18
9967.97
9972.56
9976.92
9981.01
9984.79
9988.31
9991.75
9995.07
9998.25
10001.3
10004.1
10006.7
10009
10011.1
10012.9
10014.4
10015.7
10016.6
10017.2
10017.5
10017.5
10017.5
10017.5
10017.5
10017.5
10017.5
10017.5
10017.5
10017.5
10017.5
10017.5
10017.5
10017.5
10017.5
10017.5
10017.5
10017.5
10017.5
10017.7
10018.2
10019
10020.1
10021.5
10023.2
10025.2
10027.5
10030
10032.8
10035.7
10038.9
10042.2
10045.6
10049.2
10052.8
10056.5
10060.3
10064.1
10067.9
10072
10076.3
10080.7
10085.3
10089.9
10094.6
10099.4
10104.1
10108.8
10113.4
10118
10122.5
10127
10131.4
10135.8
10140.1
10144.4
10148.5
10152.5
10156.3
10160.1
10163.8
10167.5
10171.1
10174.5
10177.8
10180.9
10183.9
10186.6
10189.1
10191.3
10193.3
10195.1
10196.7
10198.1
10199.4
10200.5
10201.4
10202
10202.5
10202.7
10202.8
10202.8
10202.8
10202.8
10202.8
10202.8
10202.9
10203
10203.2
10203.5
10203.9
10204.3
10204.8
10205.2
10205.6
10206
10206.2
10206.4
10206.5
10206.7
10207.1
10207.8
10208.8
10210.1
10211.7
10213.7
10215.8
10218.2
10220.9
10223.7
10226.6
10229.7
10232.9
10236.1
10239.4
10242.7
10246
10249.2
10252.3
10255.3
10258.3
10261.5
10264.7
10267.9
10271.4
10275
10279
10283.2
10287.6
10292.3
10297.1
10302.2
10307.4
10312.7
10318
10323.4
10328.9
10334.5
10340.1
10345.7
10351.3
10356.7
10362
10367.2
10372.3
10377.3
10382.2
10387
10391.6
10396.1
10400.4
10404.6
10408.5
10412.4
10416.1
10419.7
10423.3
10426.7
10430.2
10433.6
10437
10440.5
10444
10447.7
10451.4
10455.2
10459.1
10462.9
10466.6
10470.3
10473.9
10477.5
10481
10484.6
10488.2
10491.8
10495.6
10499.3
10503.1
10506.9
10510.6
10514.2
10517.7
10521.1
10524.4
10527.7
10531
10534.3
10537.7
10541.2
10544.6
10548
10551.3
10554.5
10557.6
10560.5
10563.3
10566
10568.7
10571.5
10574.2
10577.1
10580.1
10583.1
10586.1
10589.2
10592.1
10595
10597.8
10600.5
10603.1
10605.8
10608.5
10611.3
10614.2
10617.1
10620.1
10623.1
10626.2
10629.1
10632
10634.9
10637.6
10640.3
10642.8
10645.1
10647.3
10649.3
10651.2
10653
10654.9
10656.7
10658.4
10660.3
10662.1
10664
10665.9
10667.9
10669.9
10671.9
10674
10675.9
10677.8
10679.6
10681.3
10682.9
10684.5
10686.4
10688.6
10691
10693.8
10696.9
10700.4
10704.1
10708.1
10712.2
10716.5
10720.9
10725.3
10729.6
10734
10738.2
10742.4
10746.5
10750.6
10754.7
10758.9
10763.1
10767.6
10772.2
10776.9
10781.7
10786.7
10791.8
10796.9
10802.2
10807.6
10813
10818.4
10823.9
10829.5
10835.1
10840.7
10846.3
10852
10857.7
10863.4
10869.1
10874.8
10880.5
10886.1
10891.6
10897
10902.2
10907.4
10912.5
10917.5
10922.2
10926.8
10931.1
10935.1
10938.8
10942.2
10945.3
10948.4
10951.4
10954.2
10956.8
10959.2
10961.4
10963.4
10965.1
10966.6
10967.8
10968.7
10969.2
10969.5
10969.5
10969.5
10969.5
10969.5
10969.5
10969.5
10969.5
10969.5
10969.5
10969.5
10969.5
10969.5
10969.5
10969.5
10969.6
10969.7
10970
10970.3
10970.6
10971
10971.9
10973
10974.6
10976.5
10978.7
10981.3
10984.2
10987.3
10990.7
10994.2
10998
11001.9
11005.9
11010.1
11014.2
11018.4
11022.5
11026.9
11031.4
11036
11040.7
11045.5
11050.5
11055.4
11060.5
11065.5
11070.5
11075.4
11080.4
11085.3
11090.3
11095.2
11100.1
11104.9
11109.5
11113.9
11118
11121.8
11125.3
11128.7
11132
11135.1
11138.1
11140.9
11143.5
11146
11148.3
11150.6
11152.8
11155.1
11157.4
11159.8
11162.2
11164.7
11167.2
11169.8
11172.2
11174.6
11177.1
11179.5
11182.1
11184.6
11187.2
11189.7
11192.1
11194.4
11196.6
11198.7
11200.7
11202.5
11204.1
11205.8
11207.4
11209.2
11210.9
11212.7
11214.5
11216.3
11218.1
11220.1
11222.3
11224.7
11227.4
11230.2
11233.1
11236.2
11239.4
11242.8
11246.2
11249.8
11253.5
11257.3
11261.1
11265
11268.8
11272.6
11276.2
11279.8
11283.3
11286.8
11290.2
11293.6
11296.9
11300
11303.1
11306.1
11309
11311.8
11314.5
11317.1
11319.6
11322.1
11324.5
11326.8
11329.2
11331.6
11334.1
11336.5
11339
11341.4
11343.9
11346.6
11349.2
11352
11354.8
11357.8
11361
11364.2
11367.5
11370.9
11374.3
11377.8
11381.2
11384.8
11388.4
11392.1
11395.8
11399.5
11403.2
11406.9
11410.6
11414.2
11417.8
11421.3
11424.9
11428.3
11431.7
11435.1
11438.3
11441.4
11444.5
11447.4
11450.1
11452.8
11455.4
11457.9
11460.3
11462.7
11465.1
11467.4
11469.8
11472
11474.2
11476.2
11478.2
11480
11481.6
11483.1
11484.5
11485.7
11487
11488.3
11489.6
11490.9
11492.3
11493.7
11495.1
11496.6
11498
11499.6
11501.1
11502.6
11504
11505.4
11506.8
11508.1
11509.2
11510.2
11511.1
11511.9
11512.8
11513.8
11514.9
11516.2
11517.5
11518.9
11520.2
11521.2
11522.1
11522.7
11523
11523
11523
11523
11523
11523
11523
11523
11523
11523
11523
11523
11523
11523
11523
11523
11523
11523
11523
11523
11523
11523
11523
11523
11523
11523
11523
11523
11523
11523
11523
11523
11523
11523.2
11523.6
11524
11524.7
11525.5
11526.4
11527.4
11528.4
11529.8
11531.5
11533.3
11535.5
11538
11540.7
11543.7
11546.9
11550.3
11553.8
11557.4
11561
11564.7
11568.4
11572.2
11576.1
11580
11584
11588.1
11592.3
11596.5
11600.7
11604.9
11609.2
11613.5
11617.8
11622
11626.2
11630.4
11634.5
11638.6
11642.7
11646.6
11650.5
11654.4
11658.1
11661.7
11665.2
11668.7
11671.9
11675.1
11678
11680.8
11683.4
11685.8
11688
11689.9
11691.8
11693.6
11695.4
11697.2
11699
11700.7
11702.4
11704.1
11705.7
11707.3
11709
11710.8
11712.6
11714.4
11716.2
11717.9
11719.8
11721.6
11723.4
11725.2
11727
11728.5
11730.1
11731.5
11732.8
11733.9
11734.9
11735.7
11736.4
11737
11737.5
11737.9
11738.3
11738.6
11738.7
11738.8
11738.8
11738.8
11738.8
11738.8
11738.8
11738.8
11739.1
11739.7
11740.5
11741.5
11742.8
11744.3
11746.1
11748
11750.2
11752.4
11754.8
11757.2
11759.7
11762.3
11765
11767.6
11770.3
11773.1
11776
11779
11782.1
11785.2
11788.3
11791.5
11794.7
11797.8
11801
11804.2
11807.3
11810.4
11813.4
11816.5
11819.4
11822.4
11825.2
11828.1
11831.1
11834.2
11837.4
11840.8
11844.3
11848
11851.8
11855.7
11859.6
11863.7
11867.8
11872
11876.2
11880.5
11884.9
11889.3
11893.8
11898.1
11902.4
11906.6
11910.7
11914.7
11918.7
11922.5
11926.2
11929.7
11933.1
11936.3
11939.5
11942.4
11945.2
11947.7
11950.1
11952.2
11954.1
11955.8
11957.3
11958.7
11959.9
11961
11962
11962.9
11963.8
11964.5
11965.1
11965.6
11966
11966.2
11966.2
11966.2
11966.2
11966.2
11966.2
11966.2
11966.2
11966.2
11966.2
11966.2
11966.2
11966.6
11967.2
11968
11969.1
11970.3
11971.8
11973.5
11975.6
11978.1
11981
11984.2
11987.8
11991.8
11996
12000.5
12005.2
12010.1
12015.2
12020.4
12025.6
12030.9
12036.2
12041.4
12046.5
12051.7
12056.8
12061.8
12066.7
12071.6
12076.3
12080.9
12085.5
12089.9
12094.2
12098.5
12102.7
12106.9
12111.2
12115.4
12119.6
12123.7
12127.9
12132
12136
12140.1
12144.1
12148.1
12152.1
12156
12159.9
12163.8
12167.6
12171.4
12175.2
12178.9
12182.7
12186.5
12190.2
12194
12197.7
12201.5
12205.2
12208.9
12212.6
12216.3
12220
12223.7
12227.3
12231
12234.6
12238.2
12241.8
12245.4
12249
12252.6
12256.1
12259.6
12263.1
12266.7
12270.2
12273.7
12277.2
12280.8
12284.3
12287.9
12291.4
12295
12298.5
12302.1
12305.7
12309.3
12312.8
12316.4
12320
12323.6
12327.2
12330.8
12334.4
12338.1
12341.7
12345.3
12348.9
12352.6
12356.2
12359.8
12363.5
12367.1
12370.7
12374.4
12378
12381.7
12385.4
12389
12392.7
12396.3
12400
12403.7
12407.3
12411
12414.7
12418.4
12422
12425.7
12429.4
12433.1
12436.8
12440.5
12444.2
12447.8
12451.5
12455.2
12458.9
12462.6
12466.3
12470
12473.7
12477.5
12481.2
12484.9
12488.6
12492.3
12496
12499.7
12503.5
12507.2
12510.9
12514.6
12518.4
12522.1
12525.8
12529.6
12533.3
12537
12540.8
12544.5
12548.2
12552
12555.7
12559.5
12563.2
12567
12570.7
12574.5
12578.2
12582
12585.7
12589.5
12593.3
12597
12600.8
12604.6
12608.3
12612.1
12615.9
12619.6
12623.4
12627.2
12631
12634.7
12638.5
12642.3
12646.1
12649.9
12653.6
12657.4
12661.2
12665
12668.8
12672.6
12676.4
12680.2
12684
12687.8
12691.6
12695.4
12699.2
12703
12706.8
12710.6
12714.5
12718.3
12722.1
12725.9
12729.7
12733.6
12737.4
12741.2
12745
12748.9
12752.7
12756.5
12760.4
12764.2
12768
12771.9
12775.7
12779.5
12783.4
12787.2
12791.1
12794.9
12798.8
12802.6
12806.5
12810.3
12814.2
12818.1
12821.9
12825.8
12829.7
12833.5
12837.4
12841.3
12845.2
12849.1
12853
12856.9
12860.8
12864.7
12868.6
12872.5
12876.4
12880.4
12884.3
12888.2
12892.2
12896.1
12900.1
12904.1
12908.1
12912
12916
12920
12924
12928
12932
12936.1
12940.1
12944.1
12948.2
12952.2
12956.3
12960.4
12964.4
12968.5
12972.6
12976.7
12980.8
12984.9
12989
12993.1
12997.3
13001.4
13005.6
13009.7
13013.9
13018
13022.2
13026.4
13030.6
13034.8
13039
13043.2
13047.4
13051.6
13055.8
13060
13064.3
13068.5
13072.7
13076.9
13081.2
13085.4
13089.7
13093.9
13098.1
13102.4
13106.6
13110.9
13115.1
13119.5
13123.8
13128.2
13132.5
13137
13141.4
13145.9
13150.4
13155
13159.6
13164.2
13168.8
13173.5
13178.2
13182.9
13187.6
13192.4
13197.1
13201.9
13206.8
13211.6
13216.5
13221.3
13226.2
13231.1
13236
13240.9
13245.8
13250.8
13255.7
13260.6
13265.6
13270.5
13275.4
13280.3
13285.2
13290.2
13295
13299.9
13304.8
13309.6
13314.4
13319.2
13324
13328.7
13333.4
13338.1
13342.7
13347.3
13351.8
13356.3
13360.8
13365.2
13369.5
13373.8
13378.1
13382.3
13386.4
13390.4
13394.2
13398.2
13402.1
13406.1
13410.2
13414.3
13418.4
13422.5
13426.6
13430.7
13434.7
13438.6
13442.5
13446.2
13449.9
13453.5
13457.2
13460.8
13464.4
13468
13471.5
13475
13478.4
13481.7
13485
13488.4
13491.9
13495.5
13499.2
13503
13506.9
13510.9
13514.9
13518.8
13522.8
13526.8
13530.8
13534.8
13538.8
13542.8
13546.8
13550.8
13554.8
13558.7
13562.6
13566.5
13570.4
13574.1
13577.9
13581.6
13585.2
13588.8
13592.4
13596.1
13599.7
13603.3
13607
13610.6
13614.3
13617.9
13621.5
13625.2
13628.9
13632.6
13636.3
13640.1
13643.8
13647.6
13651.4
13655.2
13659
13663
13666.9
13670.9
13675
13679.1
13683.2
13687.4
13691.5
13695.7
13699.9
13704.2
13708.4
13712.6
13716.9
13721.1
13725.3
13729.4
13733.5
13737.6
13741.6
13745.7
13749.8
13754
13758.2
13762.5
13766.8
13771.1
13775.4
13779.6
13783.9
13788
13792.2
13796.4
13800.6
13804.8
13809
13813.2
13817.4
13821.5
13825.6
13829.6
13833.7
13837.9
13842.2
13846.5
13850.9
13855.3
13859.6
13863.9
13868.2
13872.3
13876.5
13880.5
13884.6
13888.7
13892.9
13897.3
13901.8
13906.3
13910.9
13915.5
13920.2
13924.9
13929.7
13934.4
13939.1
13943.8
13948.4
13952.9
13957.3
13961.5
13965.6
13969.5
13973.2
13976.8
13980.2
13983.4
13986.7
13989.9
13993.2
13996.5
13999.8
14003.1
14006.4
14009.7
14012.9
14016.1
14019.2
14022.3
14025.4
14028.4
14031.3
14034.3
14037.1
14040
14043
14046
14049
14052.2
14055.4
14058.6
14061.8
14065.1
14068.4
14071.6
14074.9
14078.2
14081.5
14084.9
14088.2
14091.7
14095.1
14098.5
14102
14105.4
14108.8
14112.2
14115.5
14118.8
14122.1
14125.4
14128.7
14131.9
14135.2
14138.7
14142.4
14146.2
14150.1
14154.2
14158.4
14162.7
14167.2
14171.9
14176.8
14182
14187.3
14192.7
14198.2
14203.8
14209.5
14215.1
14220.7
14226.2
14231.7
14237.2
14242.5
14247.9
14253.3
14258.5
14263.7
14268.8
14273.7
14278.4
14282.9
14287.2
14291.3
14295.1
14298.7
14302.2
14305.5
14309
14312.4
14315.9
14319.3
14322.8
14326.2
14329.6
14332.9
14336
14339.1
14342
14344.7
14347.4
14349.9
14352.3
14354.6
14356.9
14359.2
14361.4
14363.6
14365.7
14367.7
14369.6
14371.5
14373.3
14375
14376.7
14378.3
14380
14381.6
14383.2
14384.9
14386.6
14388.3
14389.9
14391.6
14393.2
14394.8
14396.3
14397.8
14399.4
14401
14402.7
14404.4
14406.1
14407.9
14409.7
14411.5
14413.3
14415.2
14417.1
14419
14421
14423.1
14425.3
14427.7
14430.3
14433.3
14436.7
14440.4
14444.6
14449
14453.7
14458.6
14463.7
14468.9
14474.2
14479.5
14484.8
14490
14495.2
14500.3
14505.2
14510
14514.6
14519
14523.2
14527.3
14531.2
14535
14538.9
14542.6
14546.3
14550
14553.6
14557.1
14560.5
14563.8
14567
14570.1
14573
14575.7
14578.1
14580.4
14582.4
14584.2
14585.8
14587.2
14588.3
14589.3
14590
14590.6
14590.9
14591.2
14591.5
14591.8
14592.2
14592.5
14593
14593.4
14593.9
14594.5
14595
14595.7
14596.4
14597
14597.7
14598.4
14599.2
14599.9
14600.8
14601.8
14602.9
14604.1
14605.4
14606.8
14608.4
14610
14611.7
14613.7
14616
14618.4
14620.9
14623.3
14625.7
14627.9
14629.9
14631.8
14633.8
14636.2
14638.9
14641.9
14645.1
14648.6
14652.2
14655.9
14659.7
14663.5
14667.4
14671.2
14674.9
14678.5
14682
14685.4
14688.7
14691.9
14695.1
14698.1
14701.1
14703.9
14706.6
14709.1
14711.4
14713.6
14715.4
14717
14718.4
14719.5
14720.3
14720.9
14721.1
14721.3
14721.3
14721.3
14721.3
14721.3
14721.3
14721.3
14721.3
14721.3
14721.3
14721.3
14721.3
14721.3
14721.3
14721.3
14721.3
14721.3
14721.3
14721.3
14721.3
14721.3
14721.3
14721.3
14721.3
14721.3
14721.3
14721.3
14721.3
14721.3
14721.3
14721.4
14721.6
14721.9
14722.2
14722.5
14722.9
14723.3
14723.7
14724.2
14724.7
14725.3
14726
14726.8
14727.7
14728.8
14730
14731.2
14732.6
14734
14735.4
14736.9
14738.4
14740
14741.5
14743
14744.4
14745.8
14747.1
14748.5
14749.9
14751.4
14753
14754.7
14756.4
14758.1
14759.9
14762
14764.4
14767
14769.9
14772.9
14776.1
14779.4
14782.7
14786.1
14789.4
14792.8
14796.1
14799.5
14803
14806.4
14809.8
14813.1
14816.3
14819.5
14822.5
14825.5
14828.3
14831.1
14833.7
14836.2
14838.5
14840.8
14842.8
14844.8
14846.5
14848
14849.2
14850.2
14851.1
14851.9
14852.8
14853.8
14854.8
14855.9
14857
14858.1
14859.1
14859.8
14860.3
14860.6
14860.6
14860.6
14860.6
14860.6
14860.6
14860.6
14860.6
14860.6
14860.6
14860.6
14860.6
14860.6
14860.6
14860.6
14860.6
14860.6
14860.6
14860.6
14860.6
14860.6
14860.6
14860.6
14860.8
14861.2
14861.8
14862.5
14863.3
14864.3
14865.3
14866.5
14867.7
14869.1
14870.6
14872.2
14873.8
14875.3
14876.9
14878.6
14880.3
14882
14883.9
14885.7
14887.6
14889.5
14891.7
14894.2
14896.8
14899.5
14902.3
14905.1
14907.8
14910.6
14913.4
14916.2
14919
14921.8
14924.6
14927.5
14930.6
14933.8
14937.2
14940.7
14944.2
14947.8
14951.4
14954.9
14958.2
14961.4
14964.4
14967.3
14970
14972.5
14975.1
14977.5
14979.8
14981.9
14983.9
14985.6
14987.1
14988.4
14989.3
14990
14990.4
14990.4
14990.4
14990.4
14990.4
14990.4
14990.4
14990.4
14990.4
14990.4
14990.4
14990.4
14990.4
14990.4
14990.4
14990.4
14990.4
14990.4
14990.5
14990.6
14990.7
14991.1
14991.8
14992.8
14994
14995.6
14997.3
14999.2
15001.3
15003.6
15006
15008.7
15011.5
15014.6
15017.7
15021
15024.3
15027.6
15030.8
15033.9
15036.8
15039.8
15042.7
15045.7
15048.6
15051.6
15054.8
15058.2
15061.8
15065.5
15069.3
15073.1
15076.9
15080.6
15084.3
15087.8
15091.1
15094.3
15097.2
15099.9
15102.4
15104.6
15106.6
15108.2
15109.6
15110.8
15111.9
15113.1
15114.2
15115.4
15116.5
15117.4
15118.2
15118.7
15118.9
15118.9
15118.9
15118.9
15118.9
15118.9
15118.9
15118.9
15118.9
15118.9
15118.9
15118.9
15118.9
15118.9
15118.9
15118.9
15118.9
15118.9
15118.9
15118.9
15118.9
15118.9
15118.9
15118.9
15118.9
15118.9
15118.9
15118.9
15118.9
15118.9
15118.9
15118.9
15118.9
15118.9
15118.9
15118.9
15118.9
15118.9
15118.9
15118.9
15118.9
15119
15119.2
15119.5
15120
15120.7
15121.5
15122.5
15123.5
15124.7
15126.1
15127.5
15129
15130.7
15132.4
15134.1
15136
15137.8
15139.7
15141.6
15143.7
15146.1
15148.8
15151.7
15155
15158.6
15162.5
15166.6
15170.9
15175.2
15179.4
15183.5
15187.7
15191.9
15196.1
15200.3
15204.4
15208.5
15212.4
15216.2
15219.9
15223.4
15226.9
15230.2
15233.4
15236.5
15239.3
15242
15244.5
15246.7
15248.6
15250.3
15251.7
15252.8
15253.7
15254.3
15254.6
15254.7
15254.7
15254.7
15254.7
15254.7
15254.7
15254.7
15254.7
15254.7
15254.7
15254.7
15254.7
15254.7
15254.7
15254.7
15254.7
15254.7
15254.7
15254.7
15254.7
15254.7
15254.7
15255
15255.4
15256
15256.6
15257.2
15258
15258.9
15260
15261.2
15262.5
15263.9
15265.4
15267
15268.7
15270.4
15272.3
15274.3
15276.4
15278.5
15281
15283.8
15286.9
15290.4
15294.1
15298.1
15302.3
15306.7
15311.1
15315.6
15320.1
15324.5
15328.8
15333.1
15337.3
15341.5
15345.6
15349.6
15353.5
15357.3
15361
15364.8
15368.4
15372
15375.6
15379.2
15382.9
15386.7
15390.5
15394.3
15397.9
15401.2
15404.2
15406.9
15409.2
15411.4
15413.4
15415.2
15416.7
15418
15419.1
15419.8
15420.4
15420.7
15420.8
15420.8
15420.8
15420.8
15420.8
15420.8
15420.8
15420.8
15420.8
15420.8
15420.8
15420.8
15420.8
15420.8
15420.8
15420.8
15420.8
15420.8
15420.8
15420.8
15420.8
15420.8
15420.8
15421
15421.2
15421.4
15421.7
15422
15422.3
15422.7
15423.1
15423.4
15423.7
15424
15424.3
15424.5
15424.8
15425
15425.3
15425.6
15426
15426.3
15426.7
15427.1
15427.5
15427.8
15428.2
15428.5
15428.7
15429
15429.4
15429.7
15430.1
15430.6
15431
15431.5
15432
15432.5
15432.9
15433.3
15433.7
15434
15434.4
15434.9
15435.4
15435.9
15436.4
15437
15437.6
15438.2
15438.7
15439.2
15439.7
15440.1
15440.6
15441
15441.3
15441.7
15442.2
15442.7
15443.3
15443.9
15444.7
15445.7
15446.9
15448.2
15449.8
15451.3
15452.9
15454.5
15456.1
15457.7
15459.3
15461
15462.9
15465
15467.4
15470.1
15472.9
15476
15479.2
15482.4
15485.8
15489.1
15492.4
15495.5
15498.6
15501.4
15504.1
15506.7
15509
15511.3
15513.5
15515.6
15517.6
15519.7
15521.7
15523.8
15525.9
15527.9
15529.6
15531.3
15532.8
15534.1
15535.1
15536
15536.6
15537
15537.2
15537.2
15537.2
15537.2
15537.2
15537.2
15537.2
15537.2
15537.2
15537.2
15537.2
15537.2
15537.2
15537.2
15537.2
15537.2
15537.2
15537.2
15537.2
15537.2
15537.2
15537.2
15537.2
15537.3
15537.7
15538.3
15539
15539.9
15540.9
15542
15543.2
15544.5
15545.9
15547.4
15549
15550.7
15552.6
15554.6
15556.7
15558.9
15561.3
15563.7
15566.4
15569.3
15572.3
15575.4
15578.7
15582.1
15585.5
15589
15592.5
15596
15599.4
15602.8
15606.1
15609.2
15612.2
15615.1
15617.9
15620.7
15623.6
15626.5
15629.5
15632.7
15636.1
15639.7
15643.5
15647.3
15651.3
15655.3
15659.4
15663.5
15667.5
15671.4
15675.3
15679
15682.5
15685.9
15689.3
15692.7
15695.9
15699.1
15702.1
15705
15707.7
15710.3
15712.6
15714.6
15716.5
15718.2
15719.6
15720.8
15721.9
15723.1
15724.4
15725.7
15727
15728.2
15729.4
15730.6
15731.7
15732.7
15733.6
15734.5
15735.5
15736.7
15738.1
15739.7
15741.5
15743.5
15745.6
15747.8
15749.8
15751.7
15753.4
15754.9
15756.1
15757.1
15757.8
15758.4
15758.8
15759.2
15759.6
15760.1
15760.6
15761.4
15762.2
15763.1
15764.1
15765.3
15766.5
15767.8
15769.1
15770.6
15772
15773.6
15775.2
15776.8
15778.5
15780.2
15781.9
15783.7
15785.4
15787.2
15789
15790.8
15792.7
15794.5
15796.3
15798.2
15800
15801.9
15803.8
15805.6
15807.5
15809.3
15811.2
15813.1
15815.1
15817.2
15819.4
15821.7
15824.2
15826.6
15829.2
15831.8
15834.6
15837.3
15840.2
15843.1
15846.1
15849.2
15852.4
15855.8
15859.3
15862.9
15866.7
15870.6
15874.7
15878.7
15882.8
15887
15891.1
15895.3
15899.4
15903.7
15908.2
15912.8
15917.6
15922.5
15927.5
15932.7
15937.9
15943.1
15948.4
15953.6
15958.7
15963.8
15968.8
15973.7
15978.6
15983.5
15988.3
15993.1
15997.8
16002.5
16007.2
16011.7
16016.3
16020.8
16025.3
16029.8
16034.2
16038.6
16042.9
16047.3
16051.7
16056
16060.3
16064.5
16068.8
16073
16077.1
16081.2
16085.2
16089.2
16093.1
16097
16100.9
16104.7
16108.4
16112.2
16115.9
16119.5
16123.1
16126.7
16130.2
16133.6
16137.1
16140.5
16143.9
16147.2
16150.5
16153.8
16157
16160.2
16163.4
16166.6
16169.7
16172.8
16175.9
16178.9
16182
16185
16188
16191
16193.9
16196.9
16199.8
16202.8
16205.7
16208.6
16211.5
16214.4
16217.3
16220.1
16223
16225.9
16228.7
16231.6
16234.4
16237.3
16240.1
16243
16245.8
16248.7
16251.6
16254.4
16257.3
16260.1
16263
16265.9
16268.7
16271.6
16274.5
16277.4
16280.2
16283.1
16286
16288.9
16291.8
16294.8
16297.7
16300.6
16303.5
16306.5
16309.5
16312.5
16315.5
16318.6
16321.7
16324.8
16328
16331.1
16334.3
16337.5
16340.7
16344
16347.2
16350.6
16353.9
16357.3
16360.7
16364.2
16367.7
16371.2
16374.7
16378.2
16381.8
16385.4
16389.1
16392.8
16396.5
16400.3
16404.1
16408
16411.9
16415.8
16419.8
16423.8
16427.8
16431.8
16435.9
16440.1
16444.2
16448.5
16452.7
16457
16461.4
16465.7
16470.1
16474.5
16478.9
16483.3
16487.8
16492.2
16496.8
16501.3
16505.9
16510.4
16515
16519.6
16524.2
16528.8
16533.4
16538.1
16542.8
16547.6
16552.4
16557.3
16562.2
16567.2
16572.2
16577.3
16582.4
16587.5
16592.6
16597.7
16602.9
16608
16613.2
16618.4
16623.6
16628.8
16634.1
16639.3
16644.5
16649.8
16654.9
16660.1
16665.3
16670.4
16675.5
16680.5
16685.4
16690.1
16694.7
16699.2
16703.7
16708.1
16712.4
16716.8
16721.1
16725.3
16729.3
16733.4
16737.5
16741.6
16745.8
16749.9
16754.1
16758.4
16762.6
16766.8
16771
16775
16779
16783
16786.8
16790.6
16794.4
16798.4
16802.5
16806.9
16811.5
16816.2
16821.1
16826
16831
16836.1
16841.1
16846.3
16851.4
16856.6
16861.9
16867.1
16872.4
16877.6
16882.9
16888
16893.2
16898.4
16903.5
16908.5
16913.5
16918.3
16923.1
16927.8
16932.4
16936.9
16941.4
16945.8
16950.1
16954.3
16958.5
16962.6
16966.7
16970.8
16974.9
16979
16983.1
16987.2
16991.3
16995.3
16999.4
17003.5
17007.5
17011.6
17015.6
17019.6
17023.6
17027.6
17031.6
17035.5
17039.4
17043.3
17047.2
17051
17054.7
17058.5
17062.1
17065.8
17069.4
17072.9
17076.4
17079.9
17083.2
17086.6
17089.8
17093
17096.1
17099
17101.8
17104.4
17106.7
17108.7
17110.3
17111.7
17112.8
17113.9
17115.1
17116.2
17117.4
17118.7
17120.1
17121.6
17123.1
17124.7
17126.4
17128.1
17129.7
17131.4
17133.1
17134.7
17136.4
17138.2
17140.2
17142.3
17144.7
17147.2
17149.9
17152.8
17155.8
17159
17162.2
17165.5
17168.6
17171.6
17174.6
17177.8
17181.3
17185
17189
17193.1
17197.4
17201.8
17206.1
17210.3
17214.2
17217.9
17221.6
17225.1
17228.6
17232
17235.3
17238.5
17241.7
17244.8
17247.8
17250.7
17253.3
17255.9
17258.4
17260.9
17263.5
17266.2
17268.9
17271.6
17274.4
17277.3
17280.4
17283.5
17286.7
17289.8
17293
17296
17299
17301.7
17304.3
17306.6
17308.8
17311
17313.1
17315.1
17317.2
17319.3
17321.5
17323.6
17325.8
17328
17330.1
17332.2
17334.2
17336.1
17338
17339.7
17341.4
17343
17344.4
17345.8
17347
17348.1
17349.1
17350
17350.7
17351.1
17351.3
17351.3
17351.3
17351.3
17351.3
17351.3
17351.3
17351.3
17351.3
17351.3
17351.3
17351.3
17351.3
17351.3
17351.3
17351.5
17351.8
17352.3
17352.9
17353.5
17354.1
17354.7
17355.3
17356
17356.6
17357.2
17357.9
17358.7
17359.5
17360.4
17361.4
17362.5
17363.6
17364.8
17366.1
17367.3
17368.5
17369.8
17371
17372.1
17373.3
17374.4
17375.5
17376.5
17377.6
17378.8
17379.9
17381.2
17382.5
17383.8
17385.1
17386.5
17387.8
17389.2
17390.6
17391.9
17393.4
17395
17396.9
17399
17401.3
17403.9
17406.6
17409.6
17412.7
17416
17419.5
17423.2
17426.9
17430.8
17434.7
17438.7
17442.8
17446.9
17451
17455
17459
17462.9
17466.7
17470.5
17474.2
17477.9
17481.4
17484.9
17488.2
17491.3
17494.3
17497
17499.6
17501.9
17503.9
17505.7
17507.2
17508.5
17509.5
17510.2
17510.6
17510.8
17510.8
17510.8
17510.8
17510.8
17510.8
17510.8
17510.8
17510.8
17510.8
17510.8
17510.8
17510.8
17510.8
17510.8
17510.8
17510.8
17510.8
17510.8
17510.8
17510.8
17510.8
17510.8
17510.9
17511.1
17511.4
17511.8
17512.2
17512.9
17513.8
17515.1
17516.5
17518.2
17520
17521.9
17524
17526.1
17528.2
17530.4
17532.5
17534.6
17536.7
17538.7
17540.8
17542.8
17544.8
17546.7
17548.7
17550.4
17551.9
17553.3
17554.5
17555.7
17556.9
17558.2
17559.5
17560.9
17562.3
17563.7
17565.2
17566.7
17568.2
17569.7
17571.1
17572.6
17574
17575.3
17576.6
17578.1
17579.7
17581.5
17583.5
17585.7
17588.1
17590.5
17593.1
17595.8
17598.6
17601.3
17604.1
17606.8
17609.6
17612.5
17615.4
17618.4
17621.4
17624.4
17627.5
17630.5
17633.5
17636.4
17639.1
17641.7
17644
17646.1
17647.9
17649.4
17650.7
17651.8
17652.9
17654.2
17655.6
17657.1
17658.7
17660.3
17661.8
17663.3
17664.7
17665.8
17666.7
17667.4
17667.9
17668.3
17668.6
17668.8
17668.8
17668.8
17668.8
17668.8
17668.8
17668.8
17668.8
17668.8
17668.8
17668.8
17668.8
17668.8
17668.8
17668.8
17668.8
17668.8
17669.1
17669.4
17670
17670.7
17671.5
17672.5
17673.6
17674.8
17676.2
17677.6
17679.2
17680.9
17682.6
17684.4
17686.3
17688.3
17690.7
17693.4
17696.3
17699.5
17702.9
17706.8
17710.9
17715.4
17720.2
17725.2
17730.5
17736
17741.5
17747.2
17752.9
17758.5
17764.1
17769.6
17774.9
17780.2
17785.4
17790.6
17795.7
17800.6
17805.4
17810
17814.3
17818.4
17822.2
17825.7
17828.8
17831.5
17833.9
17835.8
17837.3
17838.4
17839.2
17839.9
17840.4
17840.8
17841.1
17841.2
17841.2
17841.2
17841.2
17841.2
17841.2
17841.2
17841.2
17841.2
17841.2
17841.2
17841.2
17841.2
17841.2
17841.2
17841.2
17841.2
17841.2
17841.2
17841.2
17841.2
17841.2
17841.2
17841.4
17842
17842.8
17843.8
17845.1
17846.7
17848.5
17850.6
17852.8
17855.2
17857.8
17860.6
17863.5
17866.5
17869.6
17872.9
17876.4
17880.2
17884.2
17888.4
17892.9
17897.5
17902.3
17907.3
17912.4
17917.6
17923
17928.5
17934.1
17939.8
17945.5
17951.2
17956.8
17962.4
17967.9
17973.4
17978.7
17983.8
17988.8
17993.6
17998.2
18002.5
18006.4
18010
18013.2
18016.3
18019.1
18021.8
18024.2
18026.3
18028.2
18030
18031.7
18033.3
18035
18036.6
18038.2
18039.7
18041.2
18042.5
18043.8
18044.9
18045.9
18046.7
18047.4
18048
18048.4
18048.7
18048.9
18049.1
18049.1
18049.2
18049.4
18049.9
18050.5
18051.3
18052.2
18053.1
18054.1
18055.1
18056.1
18057.2
18058.3
18059.5
18060.6
18061.7
18062.9
18064.1
18065.4
18066.7
18068
18069.5
18071
18072.5
18074
18075.6
18077.1
18078.7
18080.3
18081.9
18083.4
18085
18086.6
18088.1
18089.7
18091.3
18092.8
18094.4
18096
18097.6
18099.2
18100.7
18102.3
18103.9
18105.4
18106.9
18108.5
18110
18111.6
18113.1
18114.7
18116.3
18117.8
18119.4
18120.9
18122.4
18124
18125.5
18127
18128.5
18130
18131.6
18133.1
18134.6
18136.2
18137.7
18139.2
18140.7
18142.2
18143.7
18145.2
18146.7
18148.2
18149.7
18151.3
18152.8
18154.3
18155.8
18157.3
18158.8
18160.3
18161.8
18163.2
18164.7
18166.2
18167.7
18169.2
18170.6
18172.1
18173.6
18175.1
18176.6
18178.1
18179.5
18181
18182.4
18183.9
18185.4
18186.8
18188.3
18189.8
18191.2
18192.7
18194.2
18195.6
18197.1
18198.5
18199.9
18201.4
18202.8
18204.3
18205.7
18207.1
18208.6
18210
18211.5
18212.9
18214.4
18215.8
18217.2
18218.6
18220
18221.5
18222.9
18224.3
18225.7
18227.2
18228.6
18230
18231.4
18232.8
18234.2
18235.6
18237
18238.4
18239.8
18241.2
18242.6
18244.1
18245.5
18246.9
18248.3
18249.7
18251
18252.4
18253.8
18255.2
18256.6
18258
18259.3
18260.7
18262.1
18263.5
18264.9
18266.3
18267.6
18269
18270.4
18271.7
18273.1
18274.5
18275.8
18277.2
18278.6
18279.9
18281.3
18282.6
18284
18285.4
18286.7
18288.1
18289.4
18290.7
18292.1
18293.4
18294.8
18296.1
18297.5
18298.8
18300.2
18301.5
18302.8
18304.2
18305.5
18306.8
18308.1
18309.5
18310.8
18312.1
18313.5
18314.8
18316.1
18317.4
18318.7
18320.1
18321.4
18322.7
18324
18325.3
18326.6
18327.9
18329.2
18330.5
18331.8
18333.1
18334.4
18335.7
18337
18338.3
18339.6
18340.9
18342.2
18343.5
18344.8
18346.1
18347.4
18348.7
18349.9
18351.2
18352.5
18353.8
18355.1
18356.3
18357.6
18358.9
18360.2
18361.4
18362.7
18364
18365.2
18366.5
18367.8
18369
18370.3
18371.5
18372.8
18374.1
18375.3
18376.6
18377.8
18379.1
18380.3
18381.6
18382.8
18384.1
18385.3
18386.6
18387.8
18389.1
18390.3
18391.5
18392.8
18394
18395.3
18396.5
18397.7
18399
18400.2
18401.4
18402.7
18403.9
18405.1
18406.4
18407.6
18408.8
18410.1
18411.3
18412.5
18413.8
18415
18416.2
18417.4
18418.7
18419.9
18421.1
18422.4
18423.6
18424.8
18426
18427.3
18428.5
18429.7
18430.9
18432.2
18433.4
18434.6
18435.8
18437.1
18438.3
18439.5
18440.7
18442
18443.2
18444.4
18445.6
18446.8
18448.1
18449.3
18450.5
18451.7
18452.9
18454.2
18455.4
18456.6
18457.8
18459
18460.2
18461.5
18462.7
18463.9
18465.1
18466.3
18467.5
18468.7
18470
18471.2
18472.4
18473.6
18474.8
18476
18477.2
18478.4
18479.7
18480.9
18482.1
18483.3
18484.5
18485.7
18486.9
18488.1
18489.3
18490.5
18491.7
18493
18494.2
18495.4
18496.6
18497.8
18499
18500.2
18501.4
18502.6
18503.8
18505
18506.2
18507.4
18508.6
18509.8
18511
18512.2
18513.4
18514.6
18515.8
18517
18518.2
18519.4
18520.6
18521.8
18523
18524.2
18525.4
18526.6
18527.8
18529
18530.2
18531.4
18532.5
18533.7
18534.9
18536.1
18537.3
18538.5
18539.7
18540.9
18542.1
18543.3
18544.5
18545.7
18546.8
18548
18549.2
18550.4
18551.6
18552.8
18554
18555.2
18556.3
18557.5
18558.7
18559.9
18561.1
18562.3
18563.4
18564.6
18565.8
18567
18568.2
18569.3
18570.5
18571.7
18572.9
18574.1
18575.2
18576.4
18577.6
18578.8
18580
18581.1
18582.3
18583.5
18584.7
18585.8
18587
18588.2
18589.4
18590.5
18591.7
18592.9
18594.1
18595.2
18596.4
18597.6
18598.7
18599.9
18601.1
18602.2
18603.4
18604.6
18605.7
18606.9
18608.1
18609.2
18610.4
18611.6
18612.7
18613.9
18615.1
18616.2
18617.4
18618.6
18619.7
18620.9
18622
18623.2
18624.4
18625.5
18626.7
18627.8
18629
18630.2
18631.3
18632.5
18633.6
18634.8
18636
18637.1
18638.3
18639.4
18640.6
18641.7
18642.9
18644
18645.2
18646.3
18647.5
18648.6
18649.8
18650.9
18652.1
18653.2
18654.4
18655.5
18656.7
18657.8
18659
18660.1
18661.3
18662.4
18663.6
18664.7
18665.8
18667
18668.1
18669.3
18670.4
18671.6
18672.7
18673.8
18675
18676.1
18677.3
18678.4
18679.5
18680.7
18681.8
18683
18684.1
18685.2
18686.4
18687.5
18688.6
18689.8
18690.9
18692
18693.2
18694.3
18695.4
18696.6
18697.7
18698.8
18699.9
18701.1
18702.2
18703.3
18704.5
18705.6
18706.7
18707.8
18709
18710.1
18711.2
18712.3
18713.5
18714.6
18715.7
18716.8
18718
18719.1
18720.2
18721.3
18722.4
18723.6
18724.7
18725.8
18726.9
18728
18729.1
18730.3
18731.4
18732.5
18733.6
18734.7
18735.8
18736.9
18738.1
18739.2
18740.3
18741.4
18742.5
18743.6
18744.7
18745.8
18746.9
18748
18749.1
18750.3
18751.4
18752.5
18753.6
18754.7
18755.8
18756.9
18758
18759.1
18760.2
18761.3
18762.4
18763.5
18764.6
18765.7
18766.8
18767.9
18769
18770.1
18771.2
18772.3
18773.4
18774.5
18775.6
18776.6
18777.7
18778.8
18779.9
18781
18782.1
18783.2
18784.3
18785.4
18786.5
18787.6
18788.6
18789.7
18790.8
18791.9
18793
18794.1
18795.2
18796.2
18797.3
18798.4
18799.5
18800.6
18801.6
18802.7
18803.8
18804.9
18806
18807
18808.1
18809.2
18810.3
18811.3
18812.4
18813.5
18814.6
18815.6
18816.7
18817.8
18818.9
18819.9
18821
18822.1
18823.1
18824.2
18825.3
18826.3
18827.4
18828.5
18829.5
18830.6
18831.7
18832.7
18833.8
18834.8
18835.9
18837
18838
18839.1
18840.1
18841.2
18842.3
18843.3
18844.4
18845.4
18846.5
18847.5
18848.6
18849.7
18850.7
18851.8
18852.8
18853.9
18854.9
18856
18857
18858.1
18859.1
18860.2
18861.2
18862.2
18863.3
18864.3
18865.4
18866.4
18867.5
18868.5
18869.5
18870.6
18871.6
18872.7
18873.7
18874.7
18875.8
18876.8
18877.9
18878.9
18879.9
18881
18882
18883
18884.1
18885.1
18886.1
18887.2
18888.2
18889.2
18890.2
18891.3
18892.3
18893.3
18894.3
18895.4
18896.4
18897.4
18898.4
18899.5
18900.5
18901.5
18902.5
18903.5
18904.6
18905.6
18906.6
18907.6
18908.6
18909.6
18910.7
18911.7
18912.7
18913.7
18914.7
18915.7
18916.7
18917.7
18918.8
18919.8
18920.8
18921.8
18922.8
18923.8
18924.8
18925.8
18926.8
18927.8
18928.8
18929.8
18930.8
18931.8
18932.8
18933.8
18934.8
18935.8
18936.8
18937.8
18938.8
18939.8
18940.8
18941.8
18942.8
18943.7
18944.7
18945.7
18946.7
18947.7
18948.7
18949.7
18950.7
18951.6
18952.6
18953.6
18954.6
18955.6
18956.6
18957.5
18958.5
18959.5
18960.5
18961.4
18962.4
18963.4
18964.4
18965.3
18966.3
18967.3
18968.3
18969.2
18970.2
18971.2
18972.1
18973.1
18974.1
18975
18976
18977
18977.9
18978.9
18979.9
18980.8
18981.8
18982.7
18983.7
18984.7
18985.6
18986.6
18987.5
18988.5
18989.4
18990.4
18991.3
18992.3
18993.3
18994.2
18995.1
18996.1
18997
18998
18998.9
18999.9
19000.8
19001.8
19002.7
19003.7
19004.6
19005.5
19006.5
19007.4
19008.3
19009.3
19010.2
19011.2
19012.1
19013
19014
19014.9
19015.8
19016.7
19017.7
19018.6
19019.5
19020.5
19021.4
19022.3
19023.2
19024.1
19025.1
19026
19026.9
19027.8
19028.7
19029.7
19030.6
19031.5
19032.4
19033.3
19034.2
19035.1
19036.1
19037
19037.9
19038.8
19039.7
19040.6
19041.5
19042.4
19043.3
19044.2
19045.1
19046
19046.9
19047.8
19048.7
19049.6
19050.5
19051.4
19052.3
19053.2
19054.1
19055
19055.9
19056.7
19057.6
19058.5
19059.4
19060.3
19061.2
19062.1
19062.9
19063.8
19064.7
19065.6
19066.5
19067.3
19068.2
19069.1
19070
19070.8
19071.7
19072.6
19073.4
19074.3
19075.2
19076.1
19076.9
19077.8
19078.6
19079.5
19080.4
19081.2
19082.1
19083
19083.8
19084.7
19085.5
19086.4
19087.2
19088.1
19088.9
19089.8
19090.6
19091.5
19092.3
19093.2
19094
19094.9
19095.7
19096.6
19097.4
19098.2
19099.1
19099.9
19100.8
19101.6
19102.4
19103.3
19104.1
19104.9
19105.8
19106.6
19107.4
19108.2
19109.1
19109.9
19110.7
19111.6
19112.4
19113.2
19114
19114.8
19115.7
19116.5
19117.3
19118.1
19118.9
19119.7
19120.6
19121.4
19122.2
19123
19123.8
19124.6
19125.4
19126.2
19127
19127.8
19128.6
19129.4
19130.2
19131.1
19131.9
19132.6
19133.4
19134.2
19135
19135.8
19136.6
19137.4
19138.2
19139
19139.8
19140.6
19141.4
19142.2
19143
19143.7
19144.5
19145.3
19146.1
19146.9
19147.7
19148.4
19149.2
19150
19150.8
19151.5
19152.3
19153.1
19153.9
19154.6
19155.4
19156.2
19157
19157.7
19158.5
19159.3
19160
19160.8
19161.6
19162.3
19163.1
19163.8
19164.6
19165.4
19166.1
19166.9
19167.6
19168.4
19169.2
19169.9
19170.7
19171.4
19172.2
19172.9
19173.7
19174.4
19175.2
19175.9
19176.7
19177.4
19178.1
19178.9
19179.6
19180.4
19181.1
19181.9
19182.6
19183.3
19184.1
19184.8
19185.5
19186.3
19187
19187.8
19188.5
19189.2
19189.9
19190.7
19191.4
19192.1
19192.9
19193.6
19194.4
19195.2
19195.9
19196.7
19197.5
19198.4
19199.2
19200
19200.9
19201.8
19202.7
19203.6
19204.5
19205.5
19206.5
19207.5
19208.6
19209.7
19210.8
19211.9
19213.1
19214.3
19215.6
19216.8
19218.2
19219.5
19220.9
19222.4
19223.9
19225.4
19227
19228.6
19230.3
19232
19233.8
19235.6
19237.5
19239.4
19241.4
19243.4
19245.5
19247.6
19249.8
19252.1
19254.4
19256.8
19259.2
19261.7
19264.2
19266.9
19269.5
19272.2
19275
19277.9
19280.7
19283.7
19286.7
19289.8
19292.9
19296
19299.2
19302.5
19305.8
19309.1
19312.5
19315.9
19319.4
19322.9
19326.4
19330
19333.6
19337.3
19341
19344.9
19348.8
19352.8
19356.9
19360.9
19365
19369.1
19373.1
19377
19380.8
19384.5
19388.1
19391.5
19394.6
19397.6
19400.3
19402.7
19404.8
19406.6
19408.4
19410.1
19411.8
19413.5
19415.2
19416.7
19418.2
19419.7
19421
19422.3
19423.4
19424.4
19425.3
19426.1
19426.7
19427.1
19427.4
19427.5
19427.5
19427.5
19427.5
19427.5
19427.5
19427.5
19427.5
19427.5
19427.5
19427.5
19427.5
19427.5
19427.5
19427.5
19427.5
19427.5
19427.5
19427.5
19427.5
19427.5
19427.6
19427.9
19428.3
19429
19429.9
19431
19432.2
19433.4
19434.7
19436
19437.3
19438.8
19440.4
19442.1
19443.9
19445.8
19447.7
19449.6
19451.5
19453.3
19454.9
19456.3
19457.5
19458.5
19459.3
19459.8
19460
19460
19460
19460
19460
19460
19460
19460
19460
19460.1
19460.2
19460.4
19460.6
19461
19461.4
19461.8
19462.3
19462.8
19463.4
19463.9
19464.5
19465.2
19466
19467.1
19468.6
19470.4
19472.5
19474.9
19477.5
19480.4
19483.5
19486.8
19490.3
19493.8
19497.4
19501.1
19504.9
19508.7
19512.5
19516.3
19520.1
19524
19528.2
19532.5
19536.8
19541.2
19545.5
19549.7
19553.8
19557.9
19561.8
19565.5
19569.2
19572.7
19576
19579
19581.8
19584.2
19586.2
19588
19589.6
19591
19592.2
19593.2
19594
19594.5
19594.9
19595.1
19595.1
19595.1
19595.1
19595.1
19595.1
19595.1
19595.1
19595.1
19595.1
19595.1
19595.1
19595.1
19595.1
19595.1
19595.2
19595.5
19595.9
19596.4
19597.1
19597.9
19598.9
19600
19601.2
19602.5
19604
19605.5
19607
19608.7
19610.6
19612.9
19615.5
19618.4
19621.5
19624.9
19628.4
19632.2
19636
19640
19644
19648.3
19652.8
19657.6
19662.4
19667.3
19672.3
19677.3
19682.4
19687.6
19692.7
19697.9
19703.1
19708.3
19713.5
19718.5
19723.4
19728.1
19732.5
19736.6
19740.5
19744
19747.2
19750.1
19752.7
19755
19757
19758.6
19759.8
19760.6
19761
19761.1
19761.1
19761.1
19761.1
19761.1
19761.1
19761.1
19761.1
19761.1
19761.1
19761.1
19761.1
19761.1
19761.1
19761.1
19761.1
19761.1
19761.1
19761.1
19761.1
19761.1
19761.3
19761.6
19762
19762.6
19763.4
19764.3
19765.3
19766.5
19767.8
19769.2
19770.7
19772.2
19773.9
19775.7
19777.5
19779.3
19781.2
19783.1
19785.2
19787.5
19790.2
19793.1
19796.2
19799.6
19803.4
19807.4
19811.8
19816.4
19821.3
19826.3
19831.4
19836.7
19842
19847.3
19852.6
19858
19863.3
19868.7
19874
19879.3
19884.7
19890.1
19895.5
19901
19906.4
19912
19917.5
19923.1
19928.8
19934.4
19940
19945.7
19951.3
19956.9
19962.5
19968.1
19973.6
19979.1
19984.4
19989.6
19994.7
19999.6
20004.3
20008.7
20013
20017.2
20021.4
20025.5
20029.5
20033.4
20037.1
20040.7
20044
20047.2
20050.3
20053.2
20055.8
20058.3
20060.5
20062.5
20064.2
20065.7
20066.9
20067.7
20068.3
20068.6
20068.6
20068.6
20068.6
20068.6
20068.6
20068.6
20068.6
20068.6
20068.6
20068.6
20068.6
20068.6
20068.6
20068.6
20068.6
20068.6
20068.6
20068.8
20069
20069.5
20070.1
20070.8
20071.6
20072.5
20073.5
20074.7
20076.1
20077.9
20079.9
20082
20084.2
20086.4
20088.5
20090.5
20092.4
20094.2
20096
20097.8
20099.7
20101.5
20103.4
20105.2
20107.1
20108.9
20110.7
20112.4
20114.1
20115.8
20117.4
20118.9
20120.5
20122.1
20123.8
20125.6
20127.3
20129
20130.7
20132.3
20133.9
20135.5
20137
20138.5
20139.9
20141.5
20143.1
20144.8
20146.7
20148.7
20151
20153.5
20156.2
20159
20161.9
20164.9
20168
20171
20174.1
20177.1
20180.1
20183.3
20186.7
20190.5
20194.5
20198.8
20203.3
20208
20213
20218.1
20223.3
20228.7
20234
20239.4
20244.9
20250.3
20255.8
20261.2
20266.6
20272
20277.4
20282.7
20288.1
20293.4
20298.6
20303.7
20308.6
20313.2
20317.6
20321.7
20325.5
20329.1
20332.6
20336
20339.4
20342.7
20346
20349.2
20352.4
20355.6
20358.7
20361.8
20364.9
20367.9
20370.9
20373.9
20376.8
20379.7
20382.6
20385.5
20388.4
20391.3
20394.2
20397.1
20400
20402.9
20405.9
20408.8
20411.8
20414.8
20417.8
20420.8
20423.8
20426.9
20429.9
20433
20436.1
20439.2
20442.3
20445.4
20448.6
20451.7
20454.9
20458.1
20461.3
20464.5
20467.6
20470.9
20474.1
20477.3
20480.5
20483.7
20487
20490.2
20493.4
20496.7
20499.9
20503.2
20506.4
20509.7
20512.9
20516.2
20519.4
20522.7
20525.9
20529.1
20532.4
20535.6
20538.9
20542.1
20545.4
20548.6
20551.9
20555.1
20558.3
20561.6
20564.8
20568.1
20571.3
20574.5
20577.7
20581
20584.2
20587.4
20590.7
20593.9
20597.1
20600.3
20603.6
20606.8
20610
20613.2
20616.4
20619.6
20622.9
20626.1
20629.3
20632.5
20635.7
20638.9
20642.1
20645.4
20648.6
20651.8
20655
20658.2
20661.4
20664.6
20667.8
20671
20674.2
20677.4
20680.6
20683.8
20687
20690.2
20693.4
20696.6
20699.8
20703
20706.2
20709.4
20712.6
20715.8
20719
20722.2
20725.4
20728.6
20731.8
20735
20738.2
20741.4
20744.6
20747.8
20751
20754.2
20757.4
20760.6
20763.8
20766.9
20770.1
20773.3
20776.5
20779.7
20782.9
20786.1
20789.3
20792.4
20795.6
20798.8
20802
20805.2
20808.4
20811.5
20814.7
20817.9
20821.1
20824.3
20827.4
20830.6
20833.8
20837
20840.1
20843.3
20846.5
20849.7
20852.8
20856
20859.2
20862.4
20865.5
20868.7
20871.9
20875
20878.2
20881.4
20884.6
20887.7
20890.9
20894.1
20897.2
20900.4
20903.6
20906.7
20909.9
20913
20916.2
20919.4
20922.5
20925.7
20928.8
20932
20935.2
20938.3
20941.5
20944.6
20947.8
20950.9
20954.1
20957.3
20960.4
20963.6
20966.7
20969.9
20973
20976.2
20979.3
20982.5
20985.6
20988.8
20991.9
20995.1
20998.2
21001.3
21004.5
21007.6
21010.8
21013.9
21017.1
21020.2
21023.3
21026.5
21029.6
21032.8
21035.9
21039
21042.2
21045.3
21048.5
21051.6
21054.7
21057.9
21061
21064.1
21067.3
21070.4
21073.5
21076.7
21079.8
21082.9
21086
21089.2
21092.3
21095.4
21098.5
21101.7
21104.8
21107.9
21111
21114.2
21117.3
21120.4
21123.5
21126.7
21129.8
21132.9
21136
21139.1
21142.2
21145.4
21148.5
21151.6
21154.7
21157.8
21160.9
21164
21167.2
21170.3
21173.4
21176.5
21179.6
21182.7
21185.8
21188.9
21192
21195.1
21198.2
21201.3
21204.4
21207.5
21210.6
21213.7
21216.8
21219.9
21223
21226.1
21229.2
21232.3
21235.4
21238.5
21241.6
21244.7
21247.8
21250.9
21254
21257.1
21260.2
21263.3
21266.4
21269.5
21272.5
21275.6
21278.7
21281.8
21284.9
21288
21291.1
21294.1
21297.2
21300.3
21303.4
21306.5
21309.5
21312.6
21315.7
21318.8
21321.9
21324.9
21328
21331.1
21334.2
21337.2
21340.3
21343.4
21346.5
21349.5
21352.6
21355.7
21358.7
21361.8
21364.9
21367.9
21371
21374.1
21377.1
21380.2
21383.3
21386.3
21389.4
21392.4
21395.5
21398.6
21401.6
21404.7
21407.7
21410.8
21413.8
21416.9
21420
21423
21426.1
21429.1
21432.2
21435.2
21438.3
21441.3
21444.4
21447.4
21450.5
21453.5
21456.6
21459.6
21462.6
21465.7
21468.7
21471.8
21474.8
21477.8
21480.9
21483.9
21487
21490
21493
21496.1
21499.1
21502.1
21505.2
21508.2
21511.2
21514.3
21517.3
21520.3
21523.4
21526.4
21529.4
21532.4
21535.5
21538.5
21541.5
21544.5
21547.6
21550.6
21553.6
21556.6
21559.6
21562.7
21565.7
21568.7
21571.7
21574.7
21577.7
21580.8
21583.8
21586.8
21589.8
21592.8
21595.8
21598.8
21601.8
21604.8
21607.8
21610.9
21613.9
21616.9
21619.9
21622.9
21625.9
21628.9
21631.9
21634.9
21637.9
21640.9
21643.9
21646.9
21649.9
21652.9
21655.8
21658.8
21661.8
21664.8
21667.8
21670.8
21673.8
21676.8
21679.8
21682.8
21685.7
21688.7
21691.7
21694.7
21697.7
21700.7
21703.6
21706.6
21709.6
21712.6
21715.6
21718.5
21721.5
21724.5
21727.5
21730.4
21733.4
21736.4
21739.3
21742.3
21745.3
21748.2
21751.2
21754.2
21757.1
21760.1
21763.1
21766
21769
21772
21774.9
21777.9
21780.8
21783.8
21786.8
21789.7
21792.7
21795.6
21798.6
21801.5
21804.5
21807.4
21810.4
21813.3
21816.3
21819.2
21822.2
21825.1
21828.1
21831
21833.9
21836.9
21839.8
21842.8
21845.7
21848.6
21851.6
21854.5
21857.5
21860.4
21863.3
21866.3
21869.2
21872.1
21875
21878
21880.9
21883.8
21886.8
21889.7
21892.6
21895.5
21898.5
21901.4
21904.3
21907.2
21910.1
21913.1
21916
21918.9
21921.8
21924.7
21927.6
21930.5
21933.5
21936.4
21939.3
21942.2
21945.1
21948
21950.9
21953.8
21956.7
21959.6
21962.5
21965.4
21968.3
21971.2
21974.1
21977
21979.9
21982.8
21985.7
21988.6
21991.5
21994.4
21997.3
22000.2
22003.1
22005.9
22008.8
22011.7
22014.6
22017.5
22020.4
22023.2
22026.1
22029
22031.9
22034.8
22037.6
22040.5
22043.4
22046.3
22049.1
22052
22054.9
22057.8
22060.6
22063.5
22066.4
22069.2
22072.1
22075
22077.8
22080.7
22083.5
22086.4
22089.3
22092.1
22095
22097.8
22100.7
22103.5
22106.4
22109.2
22112.1
22115
22117.8
22120.7
22123.5
22126.4
22129.3
22132.1
22135
22137.8
22140.7
22143.5
22146.4
22149.3
22152.1
22155
22157.8
22160.7
22163.5
22166.4
22169.2
22172
22174.8
22177.6
22180.4
22183.1
22185.9
22188.6
22191.3
22194
22196.6
22199.3
22201.9
22204.5
22207
22209.5
22212
22214.4
22216.9
22219.3
22221.8
22224.2
22226.7
22229.2
22231.6
22234.1
22236.6
22239
22241.5
22244
22246.5
22249
22251.6
22254.3
22257
22259.8
22262.6
22265.5
22268.5
22271.5
22274.6
22277.7
22280.9
22284.2
22287.5
22290.8
22294.3
22297.7
22301.3
22304.9
22308.5
22312.2
22316
22319.8
22323.6
22327.5
22331.4
22335.4
22339.4
22343.5
22347.7
22351.9
22356.1
22360.4
22364.6
22369
22373.5
22378.1
22382.8
22387.5
22392.2
22397.1
22402
22407
22411.9
22416.9
22421.9
22426.8
22431.7
22436.6
22441.3
22445.9
22450.3
22454.6
22458.7
22462.6
22466.2
22469.7
22473.1
22476.6
22480.1
22483.6
22487.1
22490.5
22493.9
22497.2
22500.3
22503.4
22506.2
22509
22511.6
22514.1
22516.5
22518.9
22521
22523
22524.9
22526.7
22528.3
22529.9
22531.5
22533
22534.5
22536.1
22537.7
22539.4
22541.2
22543
22544.9
22546.8
22548.7
22550.6
22552.6
22554.6
22556.6
22558.7
22560.8
22563
22565.3
22567.7
22570.2
22572.8
22575.6
22578.6
22581.7
22585
22588.3
22591.7
22595.1
22598.5
22601.9
22605.4
22609.1
22612.8
22616.6
22620.6
22624.6
22628.7
22632.9
22637.1
22641.2
22645.4
22649.5
22653.6
22657.5
22661.3
22664.9
22668.5
22672.1
22675.5
22678.8
22682.1
22685.1
22688
22690.7
22693.2
22695.4
22697.4
22699.2
22700.6
22701.8
22702.7
22703.3
22703.6
22703.6
22703.6
22703.6
22703.6
22703.6
22703.6
22703.6
22703.6
22703.6
22703.6
22703.6
22703.6
22703.6
22703.6
22703.6
22703.6
22703.6
22703.7
22704
22704.5
22705.2
22705.9
22706.8
22707.8
22708.9
22710.1
22711.3
22712.6
22714
22715.4
22716.9
22718.4
22720.1
22722.1
22724.4
22727
22729.8
22732.8
22736
22739.4
22742.9
22746.6
22750.3
22754
22757.7
22761.4
22765
22768.5
22772
22775.3
22778.7
22782
22785.3
22788.5
22791.7
22794.8
22797.7
22800.5
22803.1
22805.6
22807.8
22809.8
22811.6
22813.2
22814.4
22815.5
22816.3
22817
22817.4
22817.8
22818.4
22819.1
22819.8
22820.6
22821.3
22822
22822.5
22823
22823.3
22823.5
22823.6
22823.7
22823.7
22823.7
22823.7
22823.7
22823.7
22823.7
22823.8
22824.1
22824.4
22824.9
22825.5
22826.1
22826.9
22827.8
22828.8
22829.8
22830.9
22832
22833.2
22834.4
22835.6
22836.8
22838
22839.2
22840.3
22841.7
22843.4
22845.3
22847.4
22849.6
22852.1
22854.7
22857.4
22860.2
22863.3
22866.5
22869.9
22873.5
22877.2
22881.1
22885.1
22889.1
22893.2
22897.2
22901.5
22905.8
22910.3
22914.8
22919.5
22924.2
22929
22934
22939
22944.1
22949.2
22954.4
22959.5
22964.7
22969.7
22974.7
22979.5
22984.2
22988.7
22993.1
22997.4
23001.6
23005.6
23009.6
23013.6
23017.5
23021.5
23025.5
23029.6
23033.7
23037.8
23041.9
23046
23050.1
23054
23057.9
23061.7
23065.5
23069.3
23073.1
23076.9
23080.7
23084.4
23088.2
23091.9
23095.7
23099.4
23103.1
23106.8
23110.4
23114.1
23117.6
23121.2
23124.7
23128.2
23131.6
23135
23138.4
23141.7
23145
23148.2
23151.3
23154.4
23157.4
23160.4
23163.5
23166.5
23169.4
23172.2
23174.8
23177.3
23179.6
23181.7
23183.6
23185.3
23186.7
23187.9
23189
23190.2
23191.4
23192.5
23193.7
23194.9
23195.9
23197
23197.9
23198.8
23199.7
23200.6
23201.5
23202.5
23203.5
23204.6
23205.8
23207.1
23208.4
23209.9
23211.4
23213
23214.7
23216.3
23218
23219.7
23221.4
23223.3
23225.4
23227.7
23230.2
23233
23235.9
23239
23242.1
23245.2
23248.2
23251.2
23254
23256.8
23259.8
23262.8
23265.7
23268.7
23271.7
23274.8
23278
23281.2
23284.6
23288.1
23292
23296.1
23300.4
23304.7
23309.1
23313.7
23318.2
23322.8
23327.5
23332.1
23336.8
23341.6
23346.3
23351
23355.8
23360.5
23365.1
23369.6
23374
23378.2
23382.4
23386.5
23390.5
23394.3
23398
23401.6
23405.1
23408.6
23411.9
23415.2
23418.3
23421.3
23424.1
23426.7
23429.2
23431.3
23433.2
23434.8
23436.1
23437
23437.6
23437.9
23437.9
23437.9
23437.9
23437.9
23437.9
23437.9
23437.9
23437.9
23437.9
23437.9
23437.9
23437.9
23438
23438.1
23438.2
23438.4
23438.7
23439
23439.4
23440.1
23441
23442.2
23443.6
23445.3
23447.3
23449.4
23451.6
23454
23456.5
23458.9
23461.4
23463.9
23466.3
23468.6
23470.8
23472.8
23474.7
23476.7
23478.9
23481.2
23483.8
23486.5
23489.4
23492.3
23495.4
23498.5
23501.6
23504.8
23508
23511.2
23514.4
23517.6
23520.8
23524
23527.2
23530.4
23533.6
23536.9
23540.2
23543.5
23546.9
23550.3
23553.7
23557.1
23560.5
23563.9
23567.3
23570.7
23574.2
23577.6
23581.1
23584.6
23588.1
23591.6
23595.1
23598.6
23602.1
23605.7
23609.2
23612.8
23616.4
23619.9
23623.5
23627.1
23630.7
23634.3
23637.9
23641.5
23645.1
23648.8
23652.4
23656.1
23659.7
23663.4
23667.1
23670.7
23674.4
23678.1
23681.8
23685.5
23689.2
23692.9
23696.7
23700.4
23704.1
23707.9
23711.6
23715.4
23719.1
23722.9
23726.7
23730.5
23734.3
23738.1
23741.9
23745.7
23749.6
23753.4
23757.2
23761.1
23764.9
23768.8
23772.7
23776.5
23780.4
23784.3
23788.2
23792.1
23796
23799.9
23803.9
23807.8
23811.8
23815.8
23819.9
23824
23828.2
23832.3
23836.5
23840.7
23845
23849.6
23854.3
23859.1
23864.1
23869.2
23874.3
23879.4
23884.6
23889.6
23894.6
23899.5
23904.3
23908.8
23913.1
23917.1
23921
23924.7
23928.4
23931.9
23935.3
23938.6
23941.7
23944.7
23947.6
23950.4
23953.1
23955.7
23958.1
23960.4
23962.5
23964.3
23965.8
23967.1
23968.2
23968.9
23969.3
23969.5
23969.5
23969.5
23969.5
23969.5
23969.5
23969.5
23969.5
23969.5
23969.5
23969.5
23969.5
